EEPROM Setup
FORMAT 1
FINISAR P/N:
DATE:


!Table 0x0000: 0x4000
!Bytes:4000 - 4080
4000: FFEE DDCC BBAA 9988 7766 5544 3322 1100 
4010: 9898 9898 9898 9898 9898 9898 9898 9898 
4020: 9898 9898 9898 9898 9898 9898 9898 9898 
4030: 9898 9898 9898 9898 9898 9898 9898 9898 
4040: 9898 9898 9898 9898 9898 9898 9898 9898 
4050: 9898 9898 9898 9898 9898 9898 9898 9898 
4060: 9898 9898 9898 9898 9898 9898 9898 9898 
4070: 9898 9898 9898 9898 9898 9898 9898 9898 

!Table 0x0001: 0x4080
!Bytes:4080 - 4100
4080: 1818 1818 1818 1818 1818 1818 1818 1818 
4090: 1818 1818 1818 1818 1818 1818 1818 1818 
40A0: 1818 1818 1818 1818 1818 1818 1818 1818 
40B0: 1818 1818 1818 1818 1818 1818 1818 1818 
40C0: 1818 1818 1818 1818 1818 1818 1818 1818 
40D0: 1818 1818 1818 1818 1818 1818 1818 1818 
40E0: 1818 1818 1818 1818 1818 1818 1818 1818 
40F0: 1818 1818 1818 1818 1818 1818 1818 1818 

!Table 0x0002: 0x4100
!Bytes:4100 - 4180
4100: 1818 1818 1818 1818 1818 1818 1818 1818 
4110: 1818 1818 1818 1818 1818 1818 1818 1818 
4120: 1818 1818 1818 1818 1818 1818 1818 1818 
4130: 1818 1818 1818 1818 1818 1818 1818 1818 
4140: 1818 1818 1818 1818 1818 1818 1818 1818 
4150: 1818 1818 1818 1818 1818 1818 1818 1818 
4160: 1818 1818 1818 1818 1818 1818 1818 1818 
4170: 1818 1818 1818 1818 1818 1818 1818 1818 

!Table 0x0003: 0x4180
!Bytes:4180 - 4200
4180: 1818 1818 1818 1818 1818 1818 1818 1818 
4190: 1818 1818 1818 1818 1818 1818 1818 1818 
41A0: 1818 1818 1818 1818 1818 1818 1818 1818 
41B0: 1818 1818 1818 1818 1818 1818 1818 1818 
41C0: 1818 1818 1818 1818 1818 1818 1818 1818 
41D0: 1818 1818 1818 1818 1818 1818 1818 1818 
41E0: 1818 1818 1818 1818 1818 1818 1818 1818 
41F0: 1818 1818 1818 1818 1818 1818 1818 1818 

!Table 0x0004: 0x4200
!Bytes:4200 - 4280
4200: 1818 1818 1818 1818 1818 1818 1818 1818 
4210: 1818 1818 1818 1818 1818 1818 1818 1818 
4220: 1818 1818 1818 1818 1818 1818 1818 1818 
4230: 1818 1818 1818 1818 1818 1818 1818 1818 
4240: 1818 1818 1818 1818 1818 1818 1818 1818 
4250: 1818 1818 1818 1818 1818 1818 1818 1818 
4260: 1818 1818 1818 1818 1818 1818 1818 1818 
4270: 1818 1818 1818 1818 1818 1818 1818 1818 

!Table 0x0005: 0x4280
!Bytes:4280 - 4300
4280: 1818 1818 1818 1818 1818 1818 1818 1818 
4290: 1818 1818 1818 1818 1818 1818 1818 1818 
42A0: 1818 1818 1818 1818 1818 1818 1818 1818 
42B0: 1818 1818 1818 1818 1818 1818 1818 1818 
42C0: 1818 1818 1818 1818 1818 1818 1818 1818 
42D0: 1818 1818 1818 1818 1818 1818 1818 1818 
42E0: 1818 1818 1818 1818 1818 1818 1818 1818 
42F0: 1818 1818 1818 1818 1818 1818 1818 1818 

!Table 0x0006: 0x4300
!Bytes:4300 - 4380
4300: 1818 1818 1818 1818 1818 1818 1818 1818 
4310: 1818 1818 1818 1818 1818 1818 1818 1818 
4320: 1818 1818 1818 1818 1818 1818 1818 1818 
4330: 1818 1818 1818 1818 1818 1818 1818 1818 
4340: 1818 1818 1818 1818 1818 1818 1818 1818 
4350: 1818 1818 1818 1818 1818 1818 1818 1818 
4360: 1818 1818 1818 1818 1818 1818 1818 2218 
4370: 3418 1818 1818 1818 1818 1818 1818 1818 

!Table 0x0007: 0x4380
!Bytes:4380 - 4400
4380: 0000 0000 0000 0000 0000 0000 0000 0000 
4390: 0000 0000 0000 0000 0000 0000 0000 0000 
43A0: 0000 0000 0000 0000 0000 0000 0000 0000 
43B0: 0000 0000 0000 0000 0000 0000 0000 0000 
43C0: 0000 0000 0000 0000 0000 0000 0000 0000 
43D0: 0000 0000 0000 0000 0000 0000 0000 0000 
43E0: 0000 0000 0000 0000 0000 0000 0000 0000 
43F0: 0000 0000 0000 0000 0000 0000 0000 0000 

!Table 0x0008: 0x7F00
!Bytes:7f00 - 7f80
7F00: 0000 0000 0000 0000 0000 0000 0000 0000 
7F10: 0000 0000 0000 0000 0000 0000 0000 0000 
7F20: 0000 0000 0000 0000 0000 0000 0000 0000 
7F30: 0000 0000 0000 0000 0000 0000 0000 0000 
7F40: 0000 0000 0000 0000 0000 0000 0000 0000 
7F50: 0000 0000 0000 0000 0000 0000 0000 0000 
7F60: 0000 0000 0000 0000 0000 0000 0000 0000 
7F70: 0000 0000 0000 0000 0000 0000 0000 0000 

!Table 0x0009: 0x7F80
!Bytes:7f80 - 8000
7F80: 1234 0000 0000 0000 0000 0000 0000 0000 
7F90: 0000 0045 0000 0000 0000 0000 0000 0000 
7FA0: 0000 0000 0056 0000 0000 0000 0000 0000 
7FB0: 0000 0000 0000 0078 0000 0000 0000 0000 
7FC0: 0000 0000 0000 0000 ABCD 0000 0000 0000 
7FD0: 0000 0000 0000 0000 0000 0000 0000 0000 
7FE0: 0000 0000 0000 0000 0000 EEFF 0000 0000 
7FF0: 0000 0000 0000 0000 0000 0000 0000 0000 

!Table 0x000A: 0x8000
!Bytes:8000 - 8080
8000: FFDB FFE0 FFEC FFF7 0000 0000 0000 0000 
8010: FFFC 0001 0006 0012 0000 0000 0000 0000 
8020: 0000 0000 0000 0033 0000 0000 0000 0000 
8030: 0038 0044 0049 0054 0000 0000 0000 0000 
8040: 0060 0065 0070 0076 0000 0000 0000 0000 
8050: 0000 0000 0000 0000 0000 0000 0000 0000 
8060: FE97 FEF7 FFB7 0010 0000 0000 0000 0000 
8070: 0070 0130 0190 0251 0000 0000 0000 0000 

!Table 0x000B: 0x8080
!Bytes:8080 - 8100
8080: 0311 0371 E631 0491 0000 0000 0000 0000 
8090: 0551 0611 0671 0732 0000 0000 0000 0000 
80A0: 0792 0852 0912 0972 0000 0000 0D00 0000 
80B0: 4F00 0000 0000 0090 0800 0B00 0400 0000 
80C0: 1B00 06CC 018E 0000 0000 0000 0000 0000 
80D0: 0000 0000 0000 0000 0000 0000 0000 0000 
80E0: 0000 0000 0000 0000 0000 0000 0000 0000 
80F0: 0000 0000 0000 0000 0000 0000 0000 0000 

!Table 0x000C: 0x8100
!Bytes:8100 - 8180
8100: 0000 0000 0000 0000 0000 0000 0000 0000 
8110: 0000 0000 0000 0000 0000 0000 0000 0000 
8120: 0000 0000 0000 0000 0000 0000 0000 0000 
8130: 0000 0000 0000 0000 0000 0000 0000 0000 
8140: 0000 0000 0000 0000 0000 0000 0000 0000 
8150: 0000 0000 0000 0000 0000 0000 0000 0000 
8160: 0000 0000 0000 0000 0000 0000 0000 0000 
8170: 0000 0000 0000 0000 0000 0000 0000 0000 

!Table 0x000D: 0x8180
!Bytes:8180 - 8200
8180: 4000 4000 4000 0000 4000 0000 0000 0000 
8190: 0000 0000 0000 0000 0000 0000 0000 0000 
81A0: 0000 0000 0000 0000 0000 0000 0000 0200 
81B0: 3400 0000 0000 0000 0000 0000 0000 0000 
81C0: 0000 0000 0000 0000 0000 0000 0000 0000 
81D0: 0000 0000 0000 0000 0000 0000 0000 0000 
81E0: 0000 0000 0000 0000 0000 0000 0000 0000 
81F0: 0000 0000 0000 0000 0000 0000 0000 0000 

!Table 0x000E: 0x8200
!Bytes:8200 - 8280
8200: 0000 0000 0000 0000 0000 0000 0000 0000 
8210: 0000 0000 0000 0000 0000 0000 0000 0000 
8220: 0000 0000 0000 0000 0000 0000 0000 0000 
8230: 0000 0000 0000 0000 0000 0000 0000 0000 
8240: 0000 0000 0000 0000 0000 0000 0000 0000 
8250: 0000 0000 0000 0000 0000 0000 0000 0000 
8260: 0000 0000 0000 0000 0000 0000 0000 0000 
8270: 0000 0000 0000 0000 0000 0000 0000 0000 

!Table 0x000F: 0x8280
!Bytes:8280 - 8300
8280: 0000 0000 0000 0000 0000 0000 0000 0000 
8290: 0000 0000 0000 0000 0000 0000 0000 0000 
82A0: 0000 0000 0000 0000 0000 0000 0000 0000 
82B0: 0000 0000 0000 0000 0000 0000 0000 0000 
82C0: 0000 0000 0000 0000 0000 0000 0000 0000 
82D0: 0000 0000 0000 0000 0000 0000 0000 0000 
82E0: 0000 0000 0000 0000 0000 0000 0000 0000 
82F0: 0000 0000 0000 0000 0000 0000 0000 0000 

!Table 0x0010: 0x8300
!Bytes:8300 - 8380
8300: 0001 0203 0405 0607 0000 0000 0000 0000 
8310: 0000 0000 0000 0000 0000 0000 0000 0000 
8320: 0000 0000 0000 0000 0000 0000 0000 0000 
8330: 0000 0000 0000 0000 0000 0001 0000 0000 
8340: 0001 0203 0405 0607 0000 0000 0000 0000 
8350: 0000 0000 0000 0000 0000 0000 0000 0000 
8360: 0000 0000 0000 0000 0000 0000 0000 0000 
8370: 0000 0000 0000 0000 0000 0001 0000 0000 

!Table 0x0011: 0x8380
!Bytes:8380 - 8400
8380: 0000 0000 0000 0000 0000 0000 0000 0000 
8390: 0000 0000 0000 0000 0000 0000 0000 0000 
83A0: 0000 0000 0000 0000 0000 0000 0000 0000 
83B0: 0000 0000 0000 0000 0000 0000 0000 0000 
83C0: 0000 0000 0000 0000 0000 0000 0000 0000 
83D0: 0000 0000 0000 0000 0000 0000 0000 0000 
83E0: 0000 0000 0000 0000 0000 0000 0000 0000 
83F0: 0000 0000 0000 0000 0000 0000 0000 0000 

!Table 0x0012: 0x8500
!Bytes:8500 - 8580
8500: 0000 0000 0000 0000 0000 0000 0000 0000 
8510: 1234 AAAA 4567 0000 0000 0000 0000 0000 
8520: 0000 0000 0000 0000 0000 0000 0000 0000 
8530: 0000 0000 0000 0000 0000 0000 0000 0000 
8540: 0000 0000 0000 0000 0000 0000 0000 0000 
8550: 0000 0000 0000 0000 0000 0000 0000 0000 
8560: 0000 0000 0000 0000 0000 0000 0000 0000 
8570: 0000 0000 0000 0000 0000 0000 0000 0000 

!Table 0x0013: 0x8580
!Bytes:8580 - 8600
8580: 0000 0000 0000 0000 0000 0000 0000 0000 
8590: 0000 0000 0000 0000 0000 0000 0000 0000 
85A0: 0000 0000 0000 0000 0000 0000 0000 0000 
85B0: 0000 0000 0000 0000 0000 0000 0000 0000 
85C0: 0000 0000 0000 0000 0000 0000 0000 0000 
85D0: 0000 0000 0000 0000 0000 0000 0000 0000 
85E0: 0000 0000 0000 0000 0000 0000 0000 0000 
85F0: 0000 0000 0000 0000 0000 0000 0000 0000 

!Table 0x0014: 0x8600
!Bytes:8600 - 8680
8600: 0000 0000 0000 0000 0000 0000 0000 0000 
8610: 0000 0000 0000 0000 0000 0000 0000 0000 
8620: 0000 0000 0000 0000 0000 0000 0000 0000 
8630: 0000 0000 0000 0000 0000 0000 0000 0000 
8640: 0000 0000 0000 0000 0000 0000 0000 0000 
8650: 0000 0000 0000 0000 0000 0000 0000 0000 
8660: 0000 0000 0000 0000 0000 0000 0000 0000 
8670: 0000 0000 0000 0000 0000 0000 0000 0000 

!Table 0x0015: 0x8680
!Bytes:8680 - 8700
8680: 0000 0000 0000 0000 0000 0000 0000 0000 
8690: 0000 0000 0000 0000 0000 0000 0000 0000 
86A0: 0000 0000 0000 0000 0000 0000 0000 0000 
86B0: 0000 0000 0000 0000 0000 0000 0000 0000 
86C0: 0000 0000 0000 0000 0000 0000 0000 0000 
86D0: 0000 0000 0000 0000 0000 0000 0000 0000 
86E0: 0000 0000 0000 0000 0000 0000 0000 0000 
86F0: 0000 0000 0000 0000 0000 0000 0000 0000 

!Table 0x0016: 0x8700
!Bytes:8700 - 8780
8700: 0000 0000 0000 0000 0000 0000 0000 0000 
8710: 0000 0000 0000 0000 0000 0000 0000 0000 
8720: 0000 0000 0000 0000 0000 0000 0000 0000 
8730: 0000 0000 0000 0000 0000 0000 0000 0000 
8740: 0000 0000 0000 0000 0000 0000 0000 0000 
8750: 0000 0000 0000 0000 0000 0000 0000 0000 
8760: 0000 0000 0000 0000 0000 0000 0000 0000 
8770: 0000 0000 0000 0000 0000 0000 0000 0000 

!Table 0x0017: 0x8780
!Bytes:8780 - 8800
8780: 0000 0000 0000 0000 0000 0000 0000 0000 
8790: 0000 0000 0000 0000 0000 0000 0000 0000 
87A0: 0000 0000 0000 0000 0000 0000 0000 0000 
87B0: 0000 0000 0000 0000 0000 0000 0000 0000 
87C0: 0000 0000 0000 0000 0000 0000 0000 0000 
87D0: 0000 0000 0000 0000 0000 0000 0000 0000 
87E0: 0000 0000 0000 0000 0000 0000 0000 0000 
87F0: 0000 0000 0000 0000 0000 0000 0000 0000 

!Table 0x0018: 0x8800
!Bytes:8800 - 8880
8800: 0000 0000 0000 0000 0000 0000 0000 0000 
8810: 0000 0000 0000 0000 0000 0000 0000 0000 
8820: 0000 0000 0000 0000 0000 0000 0000 0000 
8830: 0000 0000 0000 0000 0000 0000 0000 0000 
8840: 0000 0000 0000 0000 0000 0000 0000 0000 
8850: 0000 0000 0000 0000 0000 0000 0000 0000 
8860: 0000 0000 0000 0000 0000 0000 0000 0000 
8870: 0000 0000 0000 0000 0000 0000 0000 0000 

!Table 0x0019: 0x8880
!Bytes:8880 - 8900
8880: 0000 0000 0000 0000 0000 0000 0000 0000 
8890: 0000 0000 0000 0000 0000 0000 0000 0000 
88A0: 0000 0000 0000 0000 0000 0000 0000 0000 
88B0: 0000 0000 0000 0000 0000 0000 0000 0000 
88C0: 0000 0000 0000 0000 0000 0000 0000 0000 
88D0: 0000 0000 0000 0000 0000 0000 0000 0000 
88E0: 0000 0000 0000 0000 0000 0000 0000 0000 
88F0: 0000 0000 0000 0000 0000 0000 0000 0000 

!Table 0x001A: 0x8900
!Bytes:8900 - 8980
8900: 0000 0000 0000 0000 0000 0000 0000 0000 
8910: 0000 0000 0000 0000 0000 0000 0000 0000 
8920: 0000 0000 0000 0000 0000 0000 0000 0000 
8930: 0000 0000 0000 0000 0000 0000 0000 0000 
8940: 0000 0000 0000 0000 0000 0000 0000 0000 
8950: 0000 0000 0000 0000 0000 0000 0000 0000 
8960: 0000 0000 0000 0000 0000 0000 0000 0000 
8970: 0000 0000 0000 0000 0000 0000 0000 0000 

!Table 0x001B: 0x8980
!Bytes:8980 - 8a00
8980: 0000 0000 0000 0000 0000 0000 0000 0000 
8990: 0000 0000 0000 0000 0000 0000 0000 0000 
89A0: 0000 0000 0000 0000 0000 1200 1100 2200 
89B0: 3344 4455 5566 7788 8800 9900 AA00 BB00 
89C0: CCDD DDEE EEFF ABCD EF00 1A00 2300 AD00 
89D0: 0000 0000 0000 0000 0000 0000 0000 0000 
89E0: 0000 0000 0000 0000 0000 0000 0000 0000 
89F0: 0000 0000 0000 0000 0000 0000 0000 0000 

!Table 0x001C: 0x8A00
!Bytes:8a00 - 8a80
8A00: 0000 0000 0000 0000 0000 0000 0000 0000 
8A10: 0000 0000 0000 0000 0000 0000 0000 0000 
8A20: 0000 0000 0000 0000 0000 0000 0000 0000 
8A30: 0000 0000 0000 0000 0000 0000 0000 0000 
8A40: 0000 0000 0000 0000 0000 0000 0000 0000 
8A50: 0000 0000 0000 0000 0000 0000 0000 0000 
8A60: 0000 0000 0000 0000 0000 0000 0000 0000 
8A70: 0000 0000 0000 0000 0000 0000 0000 0000 

!Table 0x001D: 0x8A80
!Bytes:8a80 - 8b00
8A80: 0000 0000 0000 0000 0000 0000 0000 0000 
8A90: 0000 0000 0000 0000 0000 0000 0000 0000 
8AA0: 0000 0000 0000 0000 0000 0000 0000 0000 
8AB0: 0000 0000 0000 0000 0000 0000 0000 0000 
8AC0: 0000 0000 0000 0000 0000 0000 0000 0000 
8AD0: 0000 0000 0000 0000 0000 0000 0000 0000 
8AE0: 0000 0000 0000 0000 0000 0000 0000 0000 
8AF0: 0000 0000 0000 0000 0000 0000 0000 0000 

!Table 0x001E: 0x8B00
!Bytes:8b00 - 8b80
8B00: 0000 0000 0000 0000 0000 0000 0000 0000 
8B10: 0000 0000 0000 0000 0000 0000 0000 0000 
8B20: 0000 0000 0000 0000 0000 0000 0000 0000 
8B30: 0000 0000 0000 0000 0000 0000 0000 0000 
8B40: 0000 0000 0000 0000 0000 0000 0000 0000 
8B50: 0000 0000 0000 0000 0000 0000 0000 0000 
8B60: 0000 0000 0000 0000 0000 0000 0000 0000 
8B70: 0000 0000 0000 0000 0000 0000 0000 0000 

!Table 0x001F: 0x8B80
!Bytes:8b80 - 8c00
8B80: 0000 0000 0000 0000 0000 0000 0000 0000 
8B90: 0000 0000 0000 0000 0000 0000 0000 0000 
8BA0: 0000 0000 0000 0000 0000 0000 0000 0000 
8BB0: 0000 0000 0000 0000 0000 0000 0000 0000 
8BC0: 0000 0000 0000 0000 0000 0000 0000 0000 
8BD0: 0000 0000 0000 0000 0000 0000 0000 0000 
8BE0: 0000 0000 0000 0000 0000 0000 0000 0000 
8BF0: 0000 0000 0000 0000 0000 0000 0000 0000 

!Table 0x0020: 0x8C00
!Bytes:8c00 - 8c80
8C00: 0000 0000 0000 0000 0000 0000 0000 0000 
8C10: 0000 0000 0000 0000 0000 0000 0000 0000 
8C20: 0000 0000 0000 0000 0000 0000 0000 0000 
8C30: 0000 0000 0000 0000 0000 0000 0000 0000 
8C40: 0000 0000 0000 0000 0000 0000 0000 0000 
8C50: 0000 0000 0000 0000 0000 0000 0000 0000 
8C60: 0000 0000 0000 0000 0000 0000 0000 0000 
8C70: 0000 0000 0000 0000 0000 0000 0000 0000 

!Table 0x0021: 0x8C80
!Bytes:8c80 - 8d00
8C80: 1234 0000 0000 0000 5600 0000 0000 0000 
8C90: 7800 0000 0000 0000 0000 0000 0000 0000 
8CA0: 0000 0000 0000 0000 0000 0000 0000 0000 
8CB0: 0000 0000 0000 0000 0000 0000 0000 0000 
8CC0: 0000 0000 0000 0000 0000 0000 0000 0000 
8CD0: 0000 0000 0000 0000 0000 0000 0000 0000 
8CE0: 0000 0000 0000 0000 0000 0000 0000 0000 
8CF0: 0000 0000 0000 0000 0000 0000 0000 0000 

!Table 0x0022: 0x8D00
!Bytes:8d00 - 8d80
8D00: 0000 0000 0000 0000 0000 0000 0000 0000 
8D10: 0000 0000 0000 0000 0000 0000 0000 0000 
8D20: 0000 0000 0000 0000 0000 0000 0000 0000 
8D30: 0000 0000 0000 0000 0000 0000 0000 0000 
8D40: 0000 0000 0000 0000 0000 0000 0000 0000 
8D50: 0000 0000 0000 0000 0000 0000 0000 0000 
8D60: 0000 0000 0000 0000 0000 0000 0000 0000 
8D70: 0000 0000 0000 0000 0000 0000 0000 0000 

!Table 0x0023: 0x8D80
!Bytes:8d80 - 8e00
8D80: 0000 0000 0000 0000 0000 0000 0000 0000 
8D90: 0000 0000 0000 0000 0000 0000 0000 0000 
8DA0: 0000 0000 0000 0000 0000 0000 0000 0000 
8DB0: 0000 0000 0000 0000 0000 0000 0000 0000 
8DC0: 0000 0000 0000 0000 0000 0000 0000 0000 
8DD0: 0000 0000 0000 0000 0000 0000 0000 0000 
8DE0: 0000 0000 0000 0000 0000 0000 0000 0000 
8DF0: 0000 0000 0000 0000 0000 0000 0000 0000 

!Table 0x0024: 0x8E00
!Bytes:8e00 - 8e80
8E00: 0000 0000 0000 0000 0000 0000 0000 0000 
8E10: 0000 0000 0000 0000 0000 0000 0000 0000 
8E20: 0000 0000 0000 0000 0000 0000 0000 0000 
8E30: 0000 0000 0000 0000 0000 0000 0000 0000 
8E40: 0000 0000 0000 0000 0000 0000 0000 0000 
8E50: 0000 0000 0000 0000 0000 0000 0000 0000 
8E60: 0000 0000 0000 0000 0000 0000 0000 0000 
8E70: 0000 0000 0000 0000 0000 0000 0000 0000 

!Table 0x0025: 0x8E80
!Bytes:8e80 - 8f00
8E80: 0000 0000 0000 0000 0000 0000 0000 0000 
8E90: 0000 0000 0000 0000 0000 0000 0000 0000 
8EA0: 0000 0000 0000 0000 0000 0000 0000 0000 
8EB0: 0000 0000 0000 0000 0000 0000 0000 0000 
8EC0: 0000 0000 0000 0000 0000 0000 0000 0000 
8ED0: 0000 0000 0000 0000 0000 0000 0000 0000 
8EE0: 0000 0000 0000 0000 0000 0000 0000 0000 
8EF0: 0000 0000 0000 0000 0000 0000 0000 0000 

!Table 0x0026: 0x8F00
!Bytes:8f00 - 8f80
8F00: 0000 0000 0000 0000 0000 0000 0000 0000 
8F10: 0000 0000 0000 0000 0000 0000 0000 0000 
8F20: 0000 0000 0000 0000 0000 0000 0000 0000 
8F30: 0000 0000 0000 0000 0000 0000 0000 0000 
8F40: 0000 0000 0000 0000 0000 0000 0000 0000 
8F50: 0000 0000 0000 0000 0000 0000 0000 0000 
8F60: 0000 0000 0000 0000 0000 0000 0000 0000 
8F70: 0000 0000 0000 0000 0000 0000 0000 0000 

!Table 0x0027: 0x8F80
!Bytes:8f80 - 9000
8F80: 0000 0000 0000 0000 0000 0000 0000 0000 
8F90: 0000 0000 0000 0000 0000 0000 0000 0000 
8FA0: 0000 0000 0000 0000 0000 0000 0000 0000 
8FB0: 0000 0000 0000 0000 0000 0000 0000 0000 
8FC0: 0000 0000 0000 0000 0000 0000 0000 0000 
8FD0: 0000 0000 0000 0000 0000 0000 0000 0000 
8FE0: 0000 0000 0000 0000 0000 0000 0000 0000 
8FF0: 0000 0000 0000 0000 0000 0000 0000 0000 

!Table 0x0028: 0x9000
!Bytes:9000 - 9080
9000: 0000 0000 0000 0000 0000 0000 0000 0000 
9010: 0000 0000 0000 0000 0000 0000 0000 0000 
9020: 0000 0000 0000 0000 0000 0000 0000 0000 
9030: 0000 0000 0000 0000 0000 0000 0000 0000 
9040: 0000 0000 0000 0000 0000 0000 0000 0000 
9050: 0000 0000 0000 0000 0000 0000 0000 0000 
9060: 0000 0000 0000 0000 0000 0000 0000 0000 
9070: 0000 0000 0000 0000 0000 0000 0000 0000 

!Table 0x0029: 0x9080
!Bytes:9080 - 9100
9080: 0000 0000 0000 0000 0000 0000 0000 0000 
9090: 0000 0000 0000 0000 0000 0000 0000 0000 
90A0: 0000 0000 0000 0000 0000 0000 0000 0000 
90B0: 0000 0000 0000 0000 0000 0000 0000 0000 
90C0: 0000 0000 0000 0000 0000 0000 0000 0000 
90D0: 0000 0000 0000 0000 0000 0000 0000 0000 
90E0: 0000 0000 0000 0000 0000 0000 0000 0000 
90F0: 0000 0000 0000 0000 0000 0000 0000 0000 

!Table 0x002A: 0x9100
!Bytes:9100 - 9180
9100: 0000 0000 0000 0000 0000 0000 0000 0000 
9110: 0000 0000 0000 0000 0000 0000 0000 0000 
9120: 0000 0000 0000 0000 0000 0000 0000 0000 
9130: 0000 0000 0000 0000 0000 0000 0000 0000 
9140: 0000 0000 0000 0000 0000 0000 0000 0000 
9150: 0000 0000 0000 0000 0000 0000 0000 0000 
9160: 0000 0000 0000 0000 0000 0000 0000 0000 
9170: 0000 0000 0000 0000 0000 0000 0000 0000 

!Table 0x002B: 0x9180
!Bytes:9180 - 9200
9180: 0000 0000 0000 0000 0000 0000 0000 0000 
9190: 0000 0000 0000 0000 0000 0000 0000 0000 
91A0: 0000 0000 0000 0000 0000 0000 0000 0000 
91B0: 0000 0000 0000 0000 0000 0000 0000 0000 
91C0: 0000 0000 0000 0000 0000 0000 0000 0000 
91D0: 0000 0000 0000 0000 0000 0000 0000 0000 
91E0: 0000 0000 0000 0000 0000 0000 0000 0000 
91F0: 0000 0000 0000 0000 0000 0000 0000 0000 

!Table 0x002C: 0x9200
!Bytes:9200 - 9280
9200: 0000 0000 0000 0000 0000 0000 0000 0000 
9210: 0000 0000 0000 0000 0000 0000 0000 0000 
9220: 0000 0000 0000 0000 0000 0000 0000 0000 
9230: 0000 0000 0000 0000 0000 0000 0000 0000 
9240: 0000 0000 0000 0000 0000 0000 0000 0000 
9250: 0000 0000 0000 0000 0000 0000 0000 0000 
9260: 0000 0000 0000 0000 0000 0000 0000 0000 
9270: 0000 0000 0000 0000 0000 0000 0000 0000 

!Table 0x002D: 0x9280
!Bytes:9280 - 9300
9280: 0000 0000 0000 0000 0000 0000 0000 0000 
9290: 0000 0000 0000 0000 0000 0000 0000 0000 
92A0: 0000 0000 0000 0000 0000 0000 0000 0000 
92B0: 0000 0000 0000 0000 0000 0000 0000 0000 
92C0: 0000 0000 0000 0000 0000 0000 0000 0000 
92D0: 0000 0000 0000 0000 0000 0000 0000 0000 
92E0: 0000 0000 0000 0000 0000 0000 0000 0000 
92F0: 0000 0000 0000 0000 0000 0000 0000 0000 

!Table 0x002E: 0x9300
!Bytes:9300 - 9380
9300: 0000 0000 0000 0000 0000 0000 0000 0000 
9310: 0000 0000 0000 0000 0000 0000 0000 0000 
9320: 0000 0000 0000 0000 0000 0000 0000 0000 
9330: 0000 0000 0000 0000 0000 0000 0000 0000 
9340: 0000 0000 0000 0000 0000 0000 0000 0000 
9350: 0000 0000 0000 0000 0000 0000 0000 0000 
9360: 0000 0000 0000 0000 0000 0000 0000 0000 
9370: 0000 0000 0000 0000 0000 0000 0000 0000 

!Table 0x002F: 0x9380
!Bytes:9380 - 9400
9380: 0000 0000 0000 0000 0000 0000 0000 0000 
9390: 0000 0000 0000 0000 0000 0000 0000 0000 
93A0: 0000 0000 0000 0000 0000 0000 0000 0000 
93B0: 0000 0000 0000 0000 0000 0000 0000 0000 
93C0: 0000 0000 0000 0000 0000 0000 0000 0000 
93D0: 0000 0000 0000 0000 0000 0000 0000 0000 
93E0: 0000 0000 0000 0000 0000 0000 0000 0000 
93F0: 0000 0000 0000 0000 0000 0000 0000 0000 

!Table 0x0030: 0x9400
!Bytes:9400 - 9480
9400: 0000 0000 0000 0000 0000 0000 0000 0000 
9410: 0000 0000 0000 0000 0000 0000 0000 0000 
9420: 0000 0000 0000 0000 0000 0000 0000 0000 
9430: 0000 0000 0000 0000 0000 0000 0000 0000 
9440: 0000 0000 0000 0000 0000 0000 0000 0000 
9450: 0000 0000 0000 0000 0000 0000 0000 0000 
9460: 0000 0000 0000 0000 0000 0000 0000 0000 
9470: 0000 0000 0000 0000 0000 0000 0000 0000 

!Table 0x0031: 0x9480
!Bytes:9480 - 9500
9480: 0000 0000 0000 0000 0000 0000 0000 0000 
9490: 0000 0000 0000 0000 0000 0000 0000 0000 
94A0: 0000 0000 0000 0000 0000 0000 0000 0000 
94B0: 0000 0000 0000 0000 0000 0000 0000 0000 
94C0: 0000 0000 0000 0000 0000 0000 0000 0000 
94D0: 0000 0000 0000 0000 0000 0000 0000 0000 
94E0: 0000 0000 0000 0000 0000 0000 0000 0000 
94F0: 0000 0000 0000 0000 0000 0000 0000 0000 

!Table 0x0032: 0x9500
!Bytes:9500 - 9580
9500: 0000 0000 0000 0000 0000 0000 0000 0000 
9510: 0000 0000 0000 0000 0000 0000 0000 0000 
9520: 0000 0000 0000 0000 0000 0000 0000 0000 
9530: 0000 0000 0000 0000 0000 0000 0000 0000 
9540: 0000 0000 0000 0000 0000 0000 0000 0000 
9550: 0000 0000 0000 0000 0000 0000 0000 0000 
9560: 0000 0000 0000 0000 0000 0000 0000 0000 
9570: 0000 0000 0000 0000 0000 0000 0000 0000 

!Table 0x0033: 0x9580
!Bytes:9580 - 9600
9580: 0000 0000 0000 0000 0000 0000 0000 0000 
9590: 0000 0000 0000 0000 0000 0000 0000 0000 
95A0: 0000 0000 0000 0000 0000 0000 0000 0000 
95B0: 0000 0000 0000 0000 0000 0000 0000 0000 
95C0: 0000 0000 0000 0000 0000 0000 0000 0000 
95D0: 0000 0000 0000 0000 0000 0000 0000 0000 
95E0: 0000 0000 0000 0000 0000 0000 0000 0000 
95F0: 0000 0000 0000 0000 0000 0000 0000 0000 

!Table 0x0034: 0x9600
!Bytes:9600 - 9680
9600: 0000 0000 0000 0000 0000 0000 0000 0000 
9610: 0000 0000 0000 0000 0000 0000 0000 0000 
9620: 0000 0000 0000 0000 0000 0000 0000 0000 
9630: 0000 0000 0000 0000 0000 0000 0000 0000 
9640: 0000 0000 0000 0000 0000 0000 0000 0000 
9650: 0000 0000 0000 0000 0000 0000 0000 0000 
9660: 0000 0000 0000 0000 0000 0000 0000 0000 
9670: 0000 0000 0000 0000 0000 0000 0000 0000 

!Table 0x0035: 0x9680
!Bytes:9680 - 9700
9680: 0000 0000 0000 0000 0000 0000 0000 0000 
9690: 0000 0000 0000 0000 0000 0000 0000 0000 
96A0: 0000 0000 0000 0000 0000 0000 0000 0000 
96B0: 0000 0000 0000 0000 0000 0000 0000 0000 
96C0: 0000 0000 0000 0000 0000 0000 0000 0000 
96D0: 0000 0000 0000 0000 0000 0000 0000 0000 
96E0: 0000 0000 0000 0000 0000 0000 0000 0000 
96F0: 0000 0000 0000 0000 0000 0000 0000 0000 

!Table 0x0036: 0x9700
!Bytes:9700 - 9780
9700: 0000 0000 0000 0000 0000 0000 0000 0000 
9710: 0000 0000 0000 0000 0000 0000 0000 0000 
9720: 0000 0000 0000 0000 0000 0000 0000 0000 
9730: 0000 0000 0000 0000 0000 0000 0000 0000 
9740: 0000 0000 0000 0000 0000 0000 0000 0000 
9750: 0000 0000 0000 0000 0000 0000 0000 0000 
9760: 0000 0000 0000 0000 0000 0000 0000 0000 
9770: 0000 0000 0000 0000 0000 0000 0000 0000 

!Table 0x0037: 0x9780
!Bytes:9780 - 9800
9780: 0000 0000 0000 0000 0000 0000 0000 0000 
9790: 0000 0000 0000 0000 0000 0000 0000 0000 
97A0: 0000 0000 0000 0000 0000 0000 0000 0000 
97B0: 0000 0000 0000 0000 0000 0000 0000 0000 
97C0: 0000 0000 0000 0000 0000 0000 0000 0000 
97D0: 0000 0000 0000 0000 0000 0000 0000 0000 
97E0: 0000 0000 0000 0000 0000 0000 0000 0000 
97F0: 0000 0000 0000 0000 0000 0000 0000 0000 

!Table 0x0038: 0x9800
!Bytes:9800 - 9880
9800: 0000 0000 0000 0000 0000 0000 0000 0000 
9810: 0000 0000 0000 0000 0000 0000 0000 0000 
9820: 0000 0000 0000 0000 0000 0000 0000 0000 
9830: 0000 0000 0000 0000 0000 0000 0000 0000 
9840: 0000 0000 0000 0000 0000 0000 0000 0000 
9850: 0000 0000 0000 0000 0000 0000 0000 0000 
9860: 0000 0000 0000 0000 0000 0000 0000 0000 
9870: 0000 0000 0000 0000 0000 0000 0000 0000 

!Table 0x0039: 0x9880
!Bytes:9880 - 9900
9880: 0000 0000 0000 0000 0000 0000 0000 0000 
9890: 0000 0000 0000 0000 0000 0000 0000 0000 
98A0: 0000 0000 0000 0000 0000 0000 0000 0000 
98B0: 0000 0000 0000 0000 0000 0000 0000 0000 
98C0: 0000 0000 0000 0000 0000 0000 0000 0000 
98D0: 0000 0000 0000 0000 0000 0000 0000 0000 
98E0: 0000 0000 0000 0000 0000 0000 0000 0000 
98F0: 0000 0000 0000 0000 0000 0000 0000 0000 

!Table 0x003A: 0x9900
!Bytes:9900 - 9980
9900: 0000 0000 0000 0000 0000 0000 0000 0000 
9910: 0000 0000 0000 0000 0000 0000 0000 0000 
9920: 0000 0000 0000 0000 0000 0000 0000 0000 
9930: 0000 0000 0000 0000 0000 0000 0000 0000 
9940: 0000 0000 0000 0000 0000 0000 0000 0000 
9950: 0000 0000 0000 0000 0000 0000 0000 0000 
9960: 0000 0000 0000 0000 0000 0000 0000 0000 
9970: 0000 0000 0000 0000 0000 0000 0000 0000 

!Table 0x003B: 0x9980
!Bytes:9980 - 9a00
9980: 0000 0000 0000 0000 0000 0000 0000 0000 
9990: 0000 0000 0000 0000 0000 0000 0000 0000 
99A0: 0000 0000 0000 0000 0000 0000 0000 0000 
99B0: 0000 0000 0000 0000 0000 0000 0000 0000 
99C0: 0000 0000 0000 0000 0000 0000 0000 0000 
99D0: 0000 0000 0000 0000 0000 0000 0000 0000 
99E0: 0000 0000 0000 0000 0000 0000 0000 0000 
99F0: 0000 0000 0000 0000 0000 0000 0000 0000 

!Table 0x003C: 0x9A00
!Bytes:9a00 - 9a80
9A00: 0000 0000 0000 0000 0000 0000 0000 0000 
9A10: 0000 0000 0000 0000 0000 0000 0000 0000 
9A20: 0000 0000 0000 0000 0000 0000 0000 0000 
9A30: 0000 0000 0000 0000 0000 0000 0000 0000 
9A40: 0000 0000 0000 0000 0000 0000 0000 0000 
9A50: 0000 0000 0000 0000 0000 0000 0000 0000 
9A60: 0000 0000 0000 0000 0000 0000 0000 0000 
9A70: 0000 0000 0000 0000 0000 0000 0000 0000 

!Table 0x003D: 0x9A80
!Bytes:9a80 - 9b00
9A80: 0000 0000 0000 0000 0000 0000 0000 0000 
9A90: 0000 0000 0000 0000 0000 0000 0000 0000 
9AA0: 0000 0000 0000 0000 0000 0000 0000 0000 
9AB0: 0000 0000 0000 0000 0000 0000 0000 0000 
9AC0: 0000 0000 0000 0000 0000 0000 0000 0000 
9AD0: 0000 0000 0000 0000 0000 0000 0000 0000 
9AE0: 0000 0000 0000 0000 0000 0000 0000 0000 
9AF0: 0000 0000 0000 0000 0000 0000 0000 0000 

!Table 0x003E: 0x9B00
!Bytes:9b00 - 9b80
9B00: 0000 0000 0000 0000 0000 0000 0000 0000 
9B10: 0000 0000 0000 0000 0000 0000 0000 0000 
9B20: 0000 0000 0000 0000 0000 0000 0000 0000 
9B30: 0000 0000 0000 0000 0000 0000 0000 0000 
9B40: 0000 0000 0000 0000 0000 0000 0000 0000 
9B50: 0000 0000 0000 0000 0000 0000 0000 0000 
9B60: 0000 0000 0000 0000 0000 0000 0000 0000 
9B70: 0000 0000 0000 0000 0000 0000 0000 0000 

!Table 0x003F: 0x9B80
!Bytes:9b80 - 9c00
9B80: 0000 0000 0000 0000 0000 0000 0000 0000 
9B90: 0000 0000 0000 0000 0000 0000 0000 0000 
9BA0: 0000 0000 0000 0000 0000 0000 0000 0000 
9BB0: 0000 0000 0000 0000 0000 0000 0000 0000 
9BC0: 0000 0000 0000 0000 0000 0000 0000 0000 
9BD0: 0000 0000 0000 0000 0000 0000 0000 0000 
9BE0: 0000 0000 0000 0000 0000 0000 0000 0000 
9BF0: 0000 0000 0000 0000 0000 0000 0000 0000 

!Table 0x0040: 0x9C00
!Bytes:9c00 - 9c80
9C00: 0000 0000 0000 0000 0000 0000 0000 0000 
9C10: 0000 0000 0000 0000 0000 0000 0000 0000 
9C20: 0000 0000 0000 0000 0000 0000 0000 0000 
9C30: 0000 0000 0000 0000 0000 0000 0000 0000 
9C40: 0000 0000 0000 0000 0000 0000 0000 0000 
9C50: 0000 0000 0000 0000 0000 0000 0000 0000 
9C60: 0000 0000 0000 0000 0000 0000 0000 0000 
9C70: 0000 0000 0000 0000 0000 0000 0000 0000 

!Table 0x0041: 0x9C80
!Bytes:9c80 - 9d00
9C80: 0000 0000 0000 0000 0000 0000 0000 0000 
9C90: 0000 0000 0000 0000 0000 0000 0000 0000 
9CA0: 0000 0000 0000 0000 0000 0000 0000 0000 
9CB0: 0000 0000 0000 0000 0000 0000 0000 0000 
9CC0: 0000 0000 0000 0000 0000 0000 0000 0000 
9CD0: 0000 0000 0000 0000 0000 0000 0000 0000 
9CE0: 0000 0000 0000 0000 0000 0000 0000 0000 
9CF0: 0000 0000 0000 0000 0000 0000 0000 0000 

!Table 0x0042: 0x9D00
!Bytes:9d00 - 9d80
9D00: 0000 0000 0000 0000 0000 0000 0000 0000 
9D10: 0000 0000 0000 0000 0000 0000 0000 0000 
9D20: 0000 0000 0000 0000 0000 0000 0000 0000 
9D30: 0000 0000 0000 0000 0000 0000 0000 0000 
9D40: 0000 0000 0000 0000 0000 0000 0000 0000 
9D50: 0000 0000 0000 0000 0000 0000 0000 0000 
9D60: 0000 0000 0000 0000 0000 0000 0000 0000 
9D70: 0000 0000 0000 0000 0000 0000 0000 0000 

!Table 0x0043: 0x9D80
!Bytes:9d80 - 9e00
9D80: 0000 0000 C9AD 0000 0000 0000 0000 0000 
9D90: 0000 0000 0000 0000 0000 0000 0000 0000 
9DA0: 0000 0000 0000 0000 0000 0000 0000 0000 
9DB0: 0000 0000 0000 0000 0000 0000 0000 0000 
9DC0: 0000 0000 0000 0000 0000 0000 0000 0000 
9DD0: 0000 0000 0000 0000 0000 0000 0000 0000 
9DE0: 0000 0000 0000 0000 0000 0000 0000 0000 
9DF0: 0000 0000 0000 0000 0000 0000 0000 0000 

!Table 0x0044: 0x9E00
!Bytes:9e00 - 9e80
9E00: 0000 0000 0000 0000 0000 0000 0000 0000 
9E10: 0000 0000 0000 0000 0000 0000 0000 0000 
9E20: 0000 0000 0000 0000 0000 0000 0000 0000 
9E30: 0000 0000 0000 0000 0000 0000 0000 0000 
9E40: 0000 0000 0000 0000 0000 0000 0000 0000 
9E50: 0000 0000 0000 0000 0000 0000 0000 0000 
9E60: 0000 0000 0000 0000 0000 0000 0000 0000 
9E70: 0000 0000 0000 0000 0000 0000 0000 0000 

!Table 0x0045: 0x9E80
!Bytes:9e80 - 9f00
9E80: 0000 0000 0000 0000 0000 0000 0000 0000 
9E90: 0000 0000 0000 0000 0000 0000 0000 0000 
9EA0: 0000 0000 0000 0000 0000 0000 0000 0000 
9EB0: 0000 0000 0000 0000 0000 0000 0000 0000 
9EC0: 0000 0000 0000 0000 0000 0000 0000 0000 
9ED0: 0000 0000 0000 0000 0000 0000 0000 0000 
9EE0: 0000 0000 0000 0000 0000 0000 0000 0000 
9EF0: 0000 0000 0000 0000 0000 0000 0000 0000 

!Table 0x0046: 0x9F00
!Bytes:9f00 - 9f80
9F00: 0000 0000 0000 0000 0000 0000 0000 0000 
9F10: 0000 0000 0000 0000 0000 0000 0000 0000 
9F20: 0000 0000 0000 0000 0000 0000 0000 0000 
9F30: 0000 0000 0000 0000 0000 0000 0000 0000 
9F40: 0000 0000 0000 0000 0000 0000 0000 0000 
9F50: 0000 0000 0000 0000 0000 0000 0000 0000 
9F60: 0000 0000 0000 0000 0000 0000 0000 0000 
9F70: 0000 0000 0000 0000 0000 0000 0000 0000 

!Table 0x0047: 0x9F80
!Bytes:9f80 - a000
9F80: 0000 0000 0000 0000 0000 0000 0000 0000 
9F90: 0000 0000 0000 0000 0000 0000 0000 0000 
9FA0: 0000 0000 0000 0000 0000 0000 0000 0000 
9FB0: 0000 0000 0000 0000 0000 0000 0000 0000 
9FC0: 0000 0000 0000 0000 0000 0000 0000 0000 
9FD0: 0000 0000 0000 0000 0000 0000 0000 0000 
9FE0: 0000 0000 0000 0000 0000 0000 0000 0000 
9FF0: 0000 0000 0000 0000 0000 0000 0000 0000 

!Table 0x0048: 0xA000
!Bytes:a000 - a080
A000: 1234 4321 1122 3344 5566 ABCD 77EE D4A3 
A010: 0000 0000 0000 0000 0000 0000 0000 0000 
A020: 0000 0000 0000 0000 0000 0000 0000 0000 
A030: 0000 0000 0000 0000 0000 0000 0000 0000 
A040: 0000 0000 0000 0000 0080 0000 0000 0000 
A050: 8000 0000 0000 0000 0000 0080 0000 0000 
A060: 8080 0000 0000 0000 0000 0000 0000 0000 
A070: 0000 0000 0000 0000 0000 0000 0000 0000 

!Table 0x0049: 0xA080
!Bytes:a080 - a100
A080: 0000 0000 0000 0000 0000 0000 0000 0000 
A090: 0000 0000 0000 0000 0000 0000 0000 0000 
A0A0: 0000 0000 0000 0000 0000 0000 0000 0000 
A0B0: 0000 0000 0000 0000 0000 0000 0000 0000 
A0C0: 0000 0000 0000 0000 0000 0000 0000 0000 
A0D0: 0000 0000 0000 0000 0000 0000 0000 0000 
A0E0: 0000 0000 0000 0000 0000 0000 0000 0000 
A0F0: 0000 0000 0000 0000 0000 0000 0000 0000 

!Table 0x004A: 0xA100
!Bytes:a100 - a180
A100: 22EE 0000 0000 0000 0000 0000 0000 0000 
A110: 0000 0000 0000 0000 0000 0000 0000 0000 
A120: 0000 0000 0000 0000 0000 0000 0000 0000 
A130: 0000 0000 0000 0000 0000 0000 0000 0000 
A140: 0000 0000 0000 0000 0000 0000 0000 0000 
A150: 0000 0000 0000 0000 0000 0000 0000 0000 
A160: 0000 0000 0000 0000 0000 0000 0000 0000 
A170: 0000 0000 0000 0000 0000 0000 0000 0000 

!Table 0x004B: 0xA180
!Bytes:a180 - a200
A180: 0000 0000 0000 0000 0000 0000 0000 0000 
A190: 0000 0000 0000 0000 0000 0000 0000 0000 
A1A0: 0000 0000 0000 0000 0000 0000 0000 0000 
A1B0: 0000 0000 0000 0000 0000 0000 0000 0000 
A1C0: 0000 0000 0000 0000 0000 0000 0000 0000 
A1D0: 0000 0000 0000 0000 0000 0000 0000 0000 
A1E0: 0000 0000 0000 0000 0000 0000 0000 0000 
A1F0: 0000 0000 0000 0000 0000 0000 0000 0000 

!Table 0x004C: 0xA200
!Bytes:a200 - a280
A200: 5566 ABCD 77EE D4A3 AA77 AD23 33BE 2234 
A210: 0000 0000 0000 0000 0000 0000 0000 0000 
A220: 0000 0000 0000 0000 0000 0000 0000 0000 
A230: 0000 0000 0000 0000 0000 0000 0000 0000 
A240: 0000 0000 0000 0000 0000 0000 0000 0000 
A250: 0000 0000 0000 0000 0000 0000 0000 0000 
A260: 0000 0000 0000 0000 0000 0000 0000 0000 
A270: 0000 0000 0000 0000 0000 0000 0000 0000 

!Table 0x004D: 0xA280
!Bytes:a280 - a300
A280: 0000 0000 0000 0000 0000 0000 0000 0000 
A290: 0000 0000 0000 0000 0000 0000 0000 0000 
A2A0: 0000 0000 0000 0000 0000 0000 0000 0000 
A2B0: 0000 0000 0000 0000 0000 0000 0000 0000 
A2C0: 0000 0000 0000 0000 0000 0000 0000 0000 
A2D0: 0000 0000 0000 0000 0000 0000 0000 0000 
A2E0: 0000 0000 0000 0000 0000 0000 0000 0000 
A2F0: 0000 0000 0000 0000 0000 0000 0000 0000 

!Table 0x004E: 0xA300
!Bytes:a300 - a380
A300: 0000 0000 0000 0000 0000 0000 0000 0000 
A310: 0000 0000 0000 0000 0000 0000 0000 0000 
A320: 0000 0000 0000 0000 0000 0000 0000 0000 
A330: 0000 0000 0000 0000 0000 0000 0000 0000 
A340: 0000 0000 0000 0000 0000 0000 0000 0000 
A350: 0000 0000 0000 0000 0000 0000 0000 0000 
A360: 0000 0000 0000 0000 0000 0000 0000 0000 
A370: 0000 0000 0000 0000 0000 0000 0000 0000 

!Table 0x004F: 0xA380
!Bytes:a380 - a400
A380: 0000 0000 0000 0000 0000 0000 0000 0000 
A390: 0000 0000 0000 0000 0000 0000 0000 0000 
A3A0: 0000 0000 0000 0000 0000 0000 0000 0000 
A3B0: 0000 0000 0000 0000 0000 0000 0000 0000 
A3C0: 0000 0000 0000 0000 0000 0000 0000 0000 
A3D0: 0000 0000 0000 0000 0000 0000 0000 0000 
A3E0: 0000 0000 0000 0000 0000 0000 0000 0000 
A3F0: 0000 0000 0000 0000 0000 0000 0000 0000 

!Table 0x0050: 0xA400
!Bytes:a400 - a480
A400: 0000 0000 0000 0000 0000 0000 0000 0000 
A410: 0000 0000 0000 0000 0000 0000 0000 0000 
A420: 0000 0000 0000 0000 0000 0000 0000 0000 
A430: 0000 0000 0000 0000 0000 0000 0000 0000 
A440: 0000 0000 0000 0000 0000 0000 0000 0000 
A450: 0000 0000 0000 0000 0000 0000 0000 0000 
A460: 0000 0000 0000 0000 0000 0000 0000 0000 
A470: 0000 0000 0000 0000 0000 0000 0000 0000 

!Table 0x0051: 0xA480
!Bytes:a480 - a500
A480: 0000 0000 0000 0000 0000 0000 0000 0000 
A490: 0000 0000 0000 0000 0000 0000 0000 0000 
A4A0: 0000 0000 0000 0000 0000 0000 0000 0000 
A4B0: 0000 0000 0000 0000 0000 0000 0000 0000 
A4C0: 0000 0000 0000 0000 0000 0000 0000 0000 
A4D0: 0000 0000 0000 0000 0000 0000 0000 0000 
A4E0: 0000 0000 0000 0000 0000 0000 0000 0000 
A4F0: 0000 0000 0000 0000 0000 0000 0000 0000 

!Table 0x0052: 0xA500
!Bytes:a500 - a580
A500: 0000 0000 0000 0000 0000 0000 0000 0000 
A510: 0000 0000 0000 0000 0000 0000 0000 0000 
A520: 0000 0000 0000 0000 0000 0000 0000 0000 
A530: 0000 0000 0000 0000 0000 0000 0000 0000 
A540: 0000 0000 0000 0000 0000 0000 0000 0000 
A550: 0000 0000 0000 0000 0000 0000 0000 0000 
A560: 0000 0000 0000 0000 0000 0000 0000 0000 
A570: 0000 0000 0000 0000 0000 0000 0000 0000 

!Table 0x0053: 0xA580
!Bytes:a580 - a600
A580: 0000 0000 0000 0000 0000 0000 0000 0000 
A590: 0000 0000 0000 0000 0000 0000 0000 0000 
A5A0: 0000 0000 0000 0000 0000 0000 0000 0000 
A5B0: 0000 0000 0000 0000 0000 0000 0000 0000 
A5C0: 0000 0000 0000 0000 0000 0000 0000 0000 
A5D0: 0000 0000 0000 0000 0000 0000 0000 0000 
A5E0: 0000 0000 0000 0000 0000 0000 0000 0000 
A5F0: 0000 0000 0000 0000 0000 0000 0000 0000 

!Table 0x0054: 0xA600
!Bytes:a600 - a680
A600: 0000 0000 0000 0000 0000 0000 0000 0000 
A610: 0000 0000 0000 0000 0000 0000 0000 0000 
A620: 0000 0000 0000 0000 0000 0000 0000 0000 
A630: 0000 0000 0000 0000 0000 0000 0000 0000 
A640: 0000 0000 0000 0000 0000 0000 0000 0000 
A650: 0000 0000 0000 0000 0000 0000 0000 0000 
A660: 0000 0000 0000 0000 0000 0000 0000 0000 
A670: 0000 0000 0000 0000 0000 0000 0000 0000 

!Table 0x0055: 0xA680
!Bytes:a680 - a700
A680: 0000 0000 0000 0000 0000 0000 0000 0000 
A690: 0000 0000 0000 0000 0000 0000 0000 0000 
A6A0: 0000 0000 0000 0000 0000 0000 0000 0000 
A6B0: 0000 0000 0000 0000 0000 0000 0000 0000 
A6C0: 0000 0000 0000 0000 0000 0000 0000 0000 
A6D0: 0000 0000 0000 0000 0000 0000 0000 0000 
A6E0: 0000 0000 0000 0000 0000 0000 0000 0000 
A6F0: 0000 0000 0000 0000 0000 0000 0000 0000 

!Table 0x0056: 0xA700
!Bytes:a700 - a780
A700: 0000 0000 0000 0000 0000 0000 0000 0000 
A710: 0000 0000 0000 0000 0000 0000 0000 0000 
A720: 0000 0000 0000 0000 0000 0000 0000 0000 
A730: 0000 0000 0000 0000 0000 0000 0000 0000 
A740: 0000 0000 0000 0000 0000 0000 0000 0000 
A750: 0000 0000 0000 0000 0000 0000 0000 0000 
A760: 0000 0000 0000 0000 0000 0000 0000 0000 
A770: 0000 0000 0000 0000 0000 0000 0000 0000 

!Table 0x0057: 0xA780
!Bytes:a780 - a800
A780: 0000 0000 0000 0000 0000 0000 0000 0000 
A790: 0000 0000 0000 0000 0000 0000 0000 0000 
A7A0: 0000 0000 0000 0000 0000 0000 0000 0000 
A7B0: 0000 0000 0000 0000 0000 0000 0000 0000 
A7C0: 0000 0000 0000 0000 0000 0000 0000 0000 
A7D0: 0000 0000 0000 0000 0000 0000 0000 0000 
A7E0: 0000 0000 0000 0000 0000 0000 0000 0000 
A7F0: 0000 0000 0000 0000 0000 0000 0000 0000 

!Table 0x0058: 0xA800
!Bytes:a800 - a880
A800: 0000 0000 0000 0000 0000 0000 0000 0000 
A810: 0000 0000 0000 0000 0000 0000 0000 0000 
A820: 0000 0000 0000 0000 0000 0000 0000 0000 
A830: 0000 0000 0000 0000 0000 0000 0000 0000 
A840: 0000 0000 0000 0000 0000 0000 0000 0000 
A850: 0000 0000 0000 0000 0000 0000 0000 0000 
A860: 0000 0000 0000 0000 0000 0000 0000 0000 
A870: 0000 0000 0000 0000 0000 0000 0000 0000 

!Table 0x0059: 0xA880
!Bytes:a880 - a900
A880: 0000 0000 0000 0000 0000 0000 0000 0000 
A890: 0000 0000 0000 0000 0000 0000 0000 0000 
A8A0: 0000 0000 0000 0000 0000 0000 0000 0000 
A8B0: 0000 0000 0000 0000 0000 0000 0000 0000 
A8C0: 0000 0000 0000 0000 0000 0000 0000 0000 
A8D0: 0000 0000 0000 0000 0000 0000 0000 0000 
A8E0: 0000 0000 0000 0000 0000 0000 0000 0000 
A8F0: 0000 0000 0000 0000 0000 0000 0000 0000 

!Table 0x005A: 0xA900
!Bytes:a900 - a980
A900: 0000 0000 0000 0000 0000 0000 0000 0000 
A910: 0000 0000 0000 0000 0000 0000 0000 0000 
A920: 0000 0000 0000 0000 0000 0000 0000 0000 
A930: 0000 0000 0000 0000 0000 0000 0000 0000 
A940: 0000 0000 0000 0000 0000 0000 0000 0000 
A950: 0000 0000 0000 0000 0000 0000 0000 0000 
A960: 0000 0000 0000 0000 0000 0000 0000 0000 
A970: 0000 0000 0000 0000 0000 0000 0000 0000 

!Table 0x005B: 0xA980
!Bytes:a980 - aa00
A980: 0000 0000 0000 0000 0000 0000 0000 0000 
A990: 0000 0000 0000 0000 0000 0000 0000 0000 
A9A0: 0000 0000 0000 0000 0000 0000 0000 0000 
A9B0: 0000 0000 0000 0000 0000 0000 0000 0000 
A9C0: 0000 0000 0000 0000 0000 0000 0000 0000 
A9D0: 0000 0000 0000 0000 0000 0000 0000 0000 
A9E0: 0000 0000 0000 0000 0000 0000 0000 0000 
A9F0: 0000 0000 0000 0000 0000 0000 0000 0000 

!Table 0x005C: 0xAA00
!Bytes:aa00 - aa80
AA00: 0000 0000 0000 0000 0000 0000 0000 0000 
AA10: 0000 0000 0000 0000 0000 0000 0000 0000 
AA20: 0000 0000 0000 0000 0000 0000 0000 0000 
AA30: 0000 0000 0000 0000 0000 0000 0000 0000 
AA40: 0000 0000 0000 0000 0000 0000 0000 0000 
AA50: 0000 0000 0000 0000 0000 0000 0000 0000 
AA60: 0000 0000 0000 0000 0000 0000 0000 0000 
AA70: 0000 0000 0000 0000 0000 0000 0000 0000 

!Table 0x005D: 0xAA80
!Bytes:aa80 - ab00
AA80: 0000 0000 0000 0000 0000 0000 0000 0000 
AA90: 0000 0000 0000 0000 0000 0000 0000 0000 
AAA0: 0000 0000 0000 0000 0000 0000 0000 0000 
AAB0: 0000 0000 0000 0000 0000 0000 0000 0000 
AAC0: 0000 0000 0000 0000 0000 0000 0000 0000 
AAD0: 0000 0000 0000 0000 0000 0000 0000 0000 
AAE0: 0000 0000 0000 0000 0000 0000 0000 0000 
AAF0: 0000 0000 0000 0000 0000 0000 0000 0000 

!Table 0x005E: 0xAB00
!Bytes:ab00 - ab80
AB00: 0000 0000 0000 0000 0000 0000 0000 0000 
AB10: 0000 0000 0000 0000 0000 0000 0000 0000 
AB20: 0000 0000 0000 0000 0000 0000 0000 0000 
AB30: 0000 0000 0000 0000 0000 0000 0000 0000 
AB40: 0000 0000 0000 0000 0000 0000 0000 0000 
AB50: 0000 0000 0000 0000 0000 0000 0000 0000 
AB60: 0000 0000 0000 0000 0000 0000 0000 0000 
AB70: 0000 0000 0000 0000 0000 0000 0000 0000 

!Table 0x005F: 0xAB80
!Bytes:ab80 - ac00
AB80: 0000 0000 0000 0000 0000 0000 0000 0000 
AB90: 0000 0000 0000 0000 0000 0000 0000 0000 
ABA0: 0000 0000 0000 0000 0000 0000 0000 0000 
ABB0: 0000 0000 0000 0000 0000 0000 0000 0000 
ABC0: 0000 0000 0000 0000 0000 0000 0000 0000 
ABD0: 0000 0000 0000 0000 0000 0000 0000 0000 
ABE0: 0000 0000 0000 0000 0000 0000 0000 0000 
ABF0: 0000 0000 0000 0000 0000 0000 0000 0000 

!Table 0x0060: 0xAC00
!Bytes:ac00 - ac80
AC00: 0000 0000 0000 0000 0000 0000 0000 0000 
AC10: 0000 0000 0000 0000 0000 0000 0000 0000 
AC20: 0000 0000 0000 0000 0000 0000 0000 0000 
AC30: 0000 0000 0000 0000 0000 0000 0000 0000 
AC40: 0000 0000 0000 0000 0000 0000 0000 0000 
AC50: 0000 0000 0000 0000 0000 0000 0000 0000 
AC60: 0000 0000 0000 0000 0000 0000 0000 0000 
AC70: 0000 0000 0000 0000 0000 0000 0000 0000 

!Table 0x0061: 0xAC80
!Bytes:ac80 - ad00
AC80: 0000 0000 0000 0000 0000 0000 0000 0000 
AC90: 0000 0000 0000 0000 0000 0000 0000 0000 
ACA0: 0000 0000 0000 0000 0000 0000 0000 0000 
ACB0: 0000 0000 0000 0000 0000 0000 0000 0000 
ACC0: 0000 0000 0000 0000 0000 0000 0000 0000 
ACD0: 0000 0000 0000 0000 0000 0000 0000 0000 
ACE0: 0000 0000 0000 0000 0000 0000 0000 0000 
ACF0: 0000 0000 0000 0000 0000 0000 0000 0000 

!Table 0x0062: 0xAD00
!Bytes:ad00 - ad80
AD00: 0000 0000 0000 0000 0000 0000 0000 0000 
AD10: 0000 0000 0000 0000 0000 0000 0000 0000 
AD20: 0000 0000 0000 0000 0000 0000 0000 0000 
AD30: 0000 0000 0000 0000 0000 0000 0000 0000 
AD40: 0000 0000 0000 0000 0000 0000 0000 0000 
AD50: 0000 0000 0000 0000 0000 0000 0000 0000 
AD60: 0000 0000 0000 0000 0000 0000 0000 0000 
AD70: 0000 0000 0000 0000 0000 0000 0000 0000 

!Table 0x0063: 0xAD80
!Bytes:ad80 - ae00
AD80: 0000 0000 0000 0000 0000 0000 0000 0000 
AD90: 0000 0000 0000 0000 0000 0000 0000 0000 
ADA0: 0000 0000 0000 0000 0000 0000 0000 0000 
ADB0: 0000 0000 0000 0000 0000 0000 0000 0000 
ADC0: 0000 0000 0000 0000 0000 0000 0000 0000 
ADD0: 0000 0000 0000 0000 0000 0000 0000 0000 
ADE0: 0000 0000 0000 0000 0000 0000 0000 0000 
ADF0: 0000 0000 0000 0000 0000 0000 0000 0000 

!Table 0x0064: 0xAE00
!Bytes:ae00 - ae80
AE00: 0000 0000 0000 0000 0000 0000 0000 0000 
AE10: 0000 0000 0000 0000 0000 0000 0000 0000 
AE20: 0000 0000 0000 0000 0000 0000 0000 0000 
AE30: 0000 0000 0000 0000 0000 0000 0000 0000 
AE40: 0000 0000 0000 0000 0000 0000 0000 0000 
AE50: 0000 0000 0000 0000 0000 0000 0000 0000 
AE60: 0000 0000 0000 0000 0000 0000 0000 0000 
AE70: 0000 0000 0000 0000 0000 0000 0000 0000 

!Table 0x0065: 0xAE80
!Bytes:ae80 - af00
AE80: 0000 0000 0000 0000 0000 0000 0000 0000 
AE90: 0000 0000 0000 0000 0000 0000 0000 0000 
AEA0: 0000 0000 0000 0000 0000 0000 0000 0000 
AEB0: 0000 0000 0000 0000 0000 0000 0000 0000 
AEC0: 0000 0000 0000 0000 0000 0000 0000 0000 
AED0: 0000 0000 0000 0000 0000 0000 0000 0000 
AEE0: 0000 0000 0000 0000 0000 0000 0000 0000 
AEF0: 0000 0000 0000 0000 0000 0000 0000 0000 

!Table 0x0066: 0xAF00
!Bytes:af00 - af80
AF00: 0000 0000 0000 0000 0000 0000 0000 0000 
AF10: 0000 0000 0000 0000 0000 0000 0000 0000 
AF20: 0000 0000 0000 0000 0000 0000 0000 0000 
AF30: 0000 0000 0000 0000 0000 0000 0000 0000 
AF40: 0000 0000 0000 0000 0000 0000 0000 0000 
AF50: 0000 0000 0000 0000 0000 0000 0000 0000 
AF60: 0000 0000 0000 0000 0000 0000 0000 0000 
AF70: 0000 0000 0000 0000 0000 0000 0000 0000 

!Table 0x0067: 0xAF80
!Bytes:af80 - b000
AF80: 0000 0000 0000 0000 0000 0000 0000 0000 
AF90: 0000 0000 0000 0000 0000 0000 0000 0000 
AFA0: 0000 0000 0000 0000 0000 0000 0000 0000 
AFB0: 0000 0000 0000 0000 0000 0000 0000 0000 
AFC0: 0000 0000 0000 0000 0000 0000 0000 0000 
AFD0: 0000 0000 0000 0000 0000 0000 0000 0000 
AFE0: 0000 0000 0000 0000 0000 0000 0000 0000 
AFF0: 0000 0000 0000 0000 0000 0000 0000 0000 

!Table 0x0068: 0xB000
!Bytes:b000 - b080
B000: 0000 0000 0000 0000 0000 0000 0000 0000 
B010: 0000 0000 0000 0000 0000 0000 0000 0000 
B020: 0000 0000 0000 0000 0000 0000 0000 0000 
B030: 0000 0000 0000 0000 0000 0000 0000 0000 
B040: 0000 0000 0000 0000 0000 0000 0000 0000 
B050: 0000 0000 0000 0000 0000 0000 0000 0000 
B060: 0000 0000 0000 0000 0000 0000 0000 0000 
B070: 0000 0000 0000 0000 0000 0000 0000 0000 

!Table 0x0069: 0xB080
!Bytes:b080 - b100
B080: 0000 0000 0000 0000 0000 0000 0000 0000 
B090: 0000 0000 0000 0000 0000 0000 0000 0000 
B0A0: 0000 0000 0000 0000 0000 0000 0000 0000 
B0B0: 0000 0000 0000 0000 0000 0000 0000 0000 
B0C0: 0000 0000 0000 0000 0000 0000 0000 0000 
B0D0: 0000 0000 0000 0000 0000 0000 0000 0000 
B0E0: 0000 0000 0000 0000 0000 0000 0000 0000 
B0F0: 0000 0000 0000 0000 0000 0000 0000 0000 

!Table 0x006A: 0xB100
!Bytes:b100 - b180
B100: 0000 0000 0000 0000 0000 0000 0000 0000 
B110: 0000 0000 0000 0000 0000 0000 0000 0000 
B120: 0000 0000 0000 0000 0000 0000 0000 0000 
B130: 0000 0000 0000 0000 0000 0000 0000 0000 
B140: 0000 0000 0000 0000 0000 0000 0000 0000 
B150: 0000 0000 0000 0000 0000 0000 0000 0000 
B160: 0000 0000 0000 0000 0000 0000 0000 0000 
B170: 0000 0000 0000 0000 0000 0000 0000 0000 

!Table 0x006B: 0xB180
!Bytes:b180 - b200
B180: 0000 0000 0000 0000 0000 0000 0000 0000 
B190: 0000 0000 0000 0000 0000 0000 0000 0000 
B1A0: 0000 0000 0000 0000 0000 0000 0000 0000 
B1B0: 0000 0000 0000 0000 0000 0000 0000 0000 
B1C0: 0000 0000 0000 0000 0000 0000 0000 0000 
B1D0: 0000 0000 0000 0000 0000 0000 0000 0000 
B1E0: 0000 0000 0000 0000 0000 0000 0000 0000 
B1F0: 0000 0000 0000 0000 0000 0000 0000 0000 

!Table 0x006C: 0xB200
!Bytes:b200 - b280
B200: 0000 0000 0000 0000 0000 0000 0000 0000 
B210: 0000 0000 0000 0000 0000 0000 0000 0000 
B220: 0000 0000 0000 0000 0000 0000 0000 0000 
B230: 0000 0000 0000 0000 0000 0000 0000 0000 
B240: 0000 0000 0000 0000 0000 0000 0000 0000 
B250: 0000 0000 0000 0000 0000 0000 0000 0000 
B260: 0000 0000 0000 0000 0000 0000 0000 0000 
B270: 0000 0000 0000 0000 0000 0000 0000 0000 

!Table 0x006D: 0xB280
!Bytes:b280 - b300
B280: 0000 0000 0000 0000 0000 0000 0000 0000 
B290: 0000 0000 0000 0000 0000 0000 0000 0000 
B2A0: 0000 0000 0000 0000 0000 0000 0000 0000 
B2B0: 0000 0000 0000 0000 0000 0000 0000 0000 
B2C0: 0000 0000 0000 0000 0000 0000 0000 0000 
B2D0: 0000 0000 0000 0000 0000 0000 0000 0000 
B2E0: 0000 0000 0000 0000 0000 0000 0000 0000 
B2F0: 0000 0000 0000 0000 0000 0000 0000 0000 

!Table 0x006E: 0xB300
!Bytes:b300 - b380
B300: 0000 0000 0000 0000 0000 0000 0000 0000 
B310: 0000 0000 0000 0000 0000 0000 0000 0000 
B320: 0000 0000 0000 0000 0000 0000 0000 0000 
B330: 0000 0000 0000 0000 0000 0000 0000 0000 
B340: 0000 0000 0000 0000 0000 0000 0000 0000 
B350: 0000 0000 0000 0000 0000 0000 0000 0000 
B360: 0000 0000 0000 0000 0000 0000 0000 0000 
B370: 0000 0000 0000 0000 0000 0000 0000 0000 

!Table 0x006F: 0xB380
!Bytes:b380 - b400
B380: 0000 0000 0000 0000 0000 0000 0000 0000 
B390: 0000 0000 0000 0000 0000 0000 0000 0000 
B3A0: 0000 0000 0000 0000 0000 0000 0000 0000 
B3B0: 0000 0000 0000 0000 0000 0000 0000 0000 
B3C0: 0000 0000 0000 0000 0000 0000 0000 0000 
B3D0: 0000 0000 0000 0000 0000 0000 0000 0000 
B3E0: 0000 0000 0000 0000 0000 0000 0000 0000 
B3F0: 0000 0000 0000 0000 0000 0000 0000 0000 

!Table 0x0070: 0xB400
!Bytes:b400 - b480
B400: 0000 0000 0000 0000 0000 0000 0000 0000 
B410: 0000 0000 0000 0000 0000 0000 0000 0000 
B420: 0000 0000 0000 0000 0000 0000 0000 0000 
B430: 0000 0000 0000 0000 0000 0000 0000 0000 
B440: 0000 0000 0000 0000 0000 0000 0000 0000 
B450: 0000 0000 0000 0000 0000 0000 0000 0000 
B460: 0000 0000 0000 0000 0000 0000 0000 0000 
B470: 0000 0000 0000 0000 0000 0000 0000 0000 

!Table 0x0071: 0xB480
!Bytes:b480 - b500
B480: 0000 0000 0000 0000 0000 0000 0000 0000 
B490: 0000 0000 0000 0000 0000 0000 0000 0000 
B4A0: 0000 0000 0000 0000 0000 0000 0000 0000 
B4B0: 0000 0000 0000 0000 0000 0000 0000 0000 
B4C0: 0000 0000 0000 0000 0000 0000 0000 0000 
B4D0: 0000 0000 0000 0000 0000 0000 0000 0000 
B4E0: 0000 0000 0000 0000 0000 0000 0000 0000 
B4F0: 0000 0000 0000 0000 0000 0000 0000 0000 

!Table 0x0072: 0xB500
!Bytes:b500 - b580
B500: 0000 0000 0000 0000 0000 0000 0000 0000 
B510: 0000 0000 0000 0000 0000 0000 0000 0000 
B520: 0000 0000 0000 0000 0000 0000 0000 0000 
B530: 0000 0000 0000 0000 0000 0000 0000 0000 
B540: 0000 0000 0000 0000 0000 0000 0000 0000 
B550: 0000 0000 0000 0000 0000 0000 0000 0000 
B560: 0000 0000 0000 0000 0000 0000 0000 0000 
B570: 0000 0000 0000 0000 0000 0000 0000 0000 

!Table 0x0073: 0xB580
!Bytes:b580 - b600
B580: 0000 0000 0000 0000 0000 0000 0000 0000 
B590: 0000 0000 0000 0000 0000 0000 0000 0000 
B5A0: 0000 0000 0000 0000 0000 0000 0000 0000 
B5B0: 0000 0000 0000 0000 0000 0000 0000 0000 
B5C0: 0000 0000 0000 0000 0000 0000 0000 0000 
B5D0: 0000 0000 0000 0000 0000 0000 0000 0000 
B5E0: 0000 0000 0000 0000 0000 0000 0000 0000 
B5F0: 0000 0000 0000 0000 0000 0000 0000 0000 

!Table 0x0074: 0xB600
!Bytes:b600 - b680
B600: 0000 0000 0000 0000 0000 0000 0000 0000 
B610: 0000 0000 0000 0000 0000 0000 0000 0000 
B620: 0000 0000 0000 0000 0000 0000 0000 0000 
B630: 0000 0000 0000 0000 0000 0000 0000 0000 
B640: 0000 0000 0000 0000 0000 0000 0000 0000 
B650: 0000 0000 0000 0000 0000 0000 0000 0000 
B660: 0000 0000 0000 0000 0000 0000 0000 0000 
B670: 0000 0000 0000 0000 0000 0000 0000 0000 

!Table 0x0075: 0xB680
!Bytes:b680 - b700
B680: 0000 0000 0000 0000 0000 0000 0000 0000 
B690: 0000 0000 0000 0000 0000 0000 0000 0000 
B6A0: 0000 0000 0000 0000 0000 0000 0000 0000 
B6B0: 0000 0000 0000 0000 0000 0000 0000 0000 
B6C0: 0000 0000 0000 0000 0000 0000 0000 0000 
B6D0: 0000 0000 0000 0000 0000 0000 0000 0000 
B6E0: 0000 0000 0000 0000 0000 0000 0000 0000 
B6F0: 0000 0000 0000 0000 0000 0000 0000 0000 

!Table 0x0076: 0xB700
!Bytes:b700 - b780
B700: 0000 0000 0000 0000 0000 0000 0000 0000 
B710: 0000 0000 0000 0000 0000 0000 0000 0000 
B720: 0000 0000 0000 0000 0000 0000 0000 0000 
B730: 0000 0000 0000 0000 0000 0000 0000 0000 
B740: 0000 0000 0000 0000 0000 0000 0000 0000 
B750: 0000 0000 0000 0000 0000 0000 0000 0000 
B760: 0000 0000 0000 0000 0000 0000 0000 0000 
B770: 0000 0000 0000 0000 0000 0000 0000 0000 

!Table 0x0077: 0xB780
!Bytes:b780 - b800
B780: 0000 0000 0000 0000 0000 0000 0000 0000 
B790: 0000 0000 0000 0000 0000 0000 0000 0000 
B7A0: 0000 0000 0000 0000 0000 0000 0000 0000 
B7B0: 0000 0000 0000 0000 0000 0000 0000 0000 
B7C0: 0000 0000 0000 0000 0000 0000 0000 0000 
B7D0: 0000 0000 0000 0000 0000 0000 0000 0000 
B7E0: 0000 0000 0000 0000 0000 0000 0000 0000 
B7F0: 0000 0000 0000 0000 0000 0000 0000 0000 

!Table 0x0078: 0xB800
!Bytes:b800 - b880
B800: 0000 0000 0000 0000 0000 0000 0000 0000 
B810: 0000 0000 0000 0000 0000 0000 0000 0000 
B820: 0000 0000 0000 0000 0000 0000 0000 0000 
B830: 0000 0000 0000 0000 0000 0000 0000 0000 
B840: 0000 0000 0000 0000 0000 0000 0000 0000 
B850: 0000 0000 0000 0000 0000 0000 0000 0000 
B860: 0000 0000 0000 0000 0000 0000 0000 0000 
B870: 0000 0000 0000 0000 0000 0000 0000 0000 

!Table 0x0079: 0xB880
!Bytes:b880 - b900
B880: 0000 0000 0000 0000 0000 0000 0000 0000 
B890: 0000 0000 0000 0000 0000 0000 0000 0000 
B8A0: 0000 0000 0000 0000 0000 0000 0000 0000 
B8B0: 0000 0000 0000 0000 0000 0000 0000 0000 
B8C0: 0000 0000 0000 0000 0000 0000 0000 0000 
B8D0: 0000 0000 0000 0000 0000 0000 0000 0000 
B8E0: 0000 0000 0000 0000 0000 0000 0000 0000 
B8F0: 0000 0000 0000 0000 0000 0000 0000 0000 

!Table 0x007A: 0xBD00
!Bytes:bd00 - bd80
BD00: 0000 0000 0000 0000 0000 0000 0000 0000 
BD10: 0000 0000 0000 0000 0000 0000 0000 0000 
BD20: 0000 0000 0000 0000 0000 0000 0000 0000 
BD30: 0000 0000 0000 0000 0000 0000 0000 0000 
BD40: 0000 0000 0000 0000 0000 0000 0000 0000 
BD50: 0000 0000 0000 0000 0000 0000 0000 0000 
BD60: 0000 0000 0000 0000 0000 0000 0000 0000 
BD70: 0000 0000 0000 0000 0000 0000 0000 0000 

!Table 0x007B: 0xBD80
!Bytes:bd80 - be00
BD80: 0000 0000 0000 0000 0000 0000 0000 0000 
BD90: 0000 0000 0000 0000 0000 0000 0000 0000 
BDA0: 0000 0000 0000 0000 0000 0000 0000 0000 
BDB0: 0000 0000 0000 0000 0000 0000 0000 0000 
BDC0: 0000 0000 0000 0000 0000 0000 0000 0000 
BDD0: 0000 0000 0000 0000 0000 0000 0000 0000 
BDE0: 0000 0000 0000 0000 0000 0000 0000 0000 
BDF0: 0000 0000 0000 0000 0000 0000 0000 0000 

!Table 0x007C: 0xBE00
!Bytes:be00 - be80
BE00: 0000 0000 0000 0000 0000 0000 0000 0000 
BE10: 0000 0000 0000 0000 0000 0000 0000 0000 
BE20: 0000 0000 0000 0000 0000 0000 0000 0000 
BE30: 0000 0000 0000 0000 0000 0000 0000 0000 
BE40: 0000 0000 0000 0000 0000 0000 0000 0000 
BE50: 0000 0000 0000 0000 0000 0000 0000 0000 
BE60: 0000 0000 0000 0000 0000 0000 0000 0000 
BE70: 0000 0000 0000 0000 0000 0000 0000 0000 

!Table 0x007D: 0xBE80
!Bytes:be80 - bf00
BE80: 0000 0000 0000 0000 0000 0000 0000 0000 
BE90: 0000 0000 0000 0000 0000 0000 0000 0000 
BEA0: 0000 0000 0000 0000 0000 0000 0000 0000 
BEB0: 0000 0000 0000 0000 0000 0000 0000 0000 
BEC0: 0000 0000 0000 0000 0000 0000 0000 0000 
BED0: 0000 0000 0000 0000 0000 0000 0000 0000 
BEE0: 0000 0000 0000 0000 0000 0000 0000 0000 
BEF0: 0000 0000 0000 0000 0000 0000 0000 0000 

!Table 0x007E: 0xBF00
!Bytes:bf00 - bf80
BF00: 0000 0000 0000 0000 0000 0000 0000 0000 
BF10: 0000 0000 0000 0000 0000 0000 0000 0000 
BF20: 0000 0000 0000 0000 0000 0000 0000 0000 
BF30: 0000 0000 0000 0000 0000 0000 0000 0000 
BF40: 0000 0000 0000 0000 0000 0000 0000 0000 
BF50: 0000 0000 0000 0000 0000 0000 0000 0000 
BF60: 0000 0000 0000 0000 0000 0000 0000 0000 
BF70: 0000 0000 0000 0000 0000 0000 0000 0000 

!Table 0x007F: 0xBF80
!Bytes:bf80 - c000
BF80: 0000 0000 0000 0000 0000 0000 0000 0000 
BF90: 0000 0000 0000 0000 0000 0000 0000 0000 
BFA0: 0000 0000 0000 0000 0000 0000 0000 0000 
BFB0: 0000 0000 0000 0000 0000 0000 0000 0000 
BFC0: 0000 0000 0000 0000 0000 0000 0000 0000 
BFD0: 0000 0000 0000 0000 0000 0000 0000 0000 
BFE0: 0000 0000 0000 0000 0000 0000 0000 0000 
BFF0: 0000 0000 0000 0000 0000 0000 0000 0000 

!Table 0x0080: 0xC000
!Bytes:c000 - c080
C000: 0000 0000 0000 0000 0000 0000 0000 0000 
C010: 0000 0000 0000 0000 0000 0000 0000 0000 
C020: 0000 0000 0000 0000 0000 0000 0000 0000 
C030: 0000 0000 0000 0000 0000 0000 0000 0000 
C040: 0000 0000 0000 0000 0000 0000 0000 0000 
C050: 0000 0000 0000 0000 0000 0000 0000 0000 
C060: 0000 0000 0000 0000 0000 0000 0000 0000 
C070: 0000 0000 0000 0000 0000 0000 0000 0000 

!Table 0x0081: 0xC080
!Bytes:c080 - c100
C080: 0000 0000 0000 0000 0000 0000 0000 0000 
C090: 0000 0000 0000 0000 0000 0000 0000 0000 
C0A0: 0000 0000 0000 0000 0000 0000 0000 0000 
C0B0: 0000 0000 0000 0000 0000 0000 0000 0000 
C0C0: 0000 0000 0000 0000 0000 0000 0000 0000 
C0D0: 0000 0000 0000 0000 0000 0000 0000 0000 
C0E0: 0000 0000 0000 0000 0000 0000 0000 0000 
C0F0: 0000 0000 0000 0000 0000 0000 0000 0000 

!Table 0x0082: 0xC500
!Bytes:c500 - c580
C500: 0000 0000 0000 0000 0000 0000 0000 0000 
C510: 0000 0000 0000 0000 0000 0000 0000 0000 
C520: 0000 0000 0000 0000 0000 0000 0000 0000 
C530: 0000 0000 0000 0000 0000 0000 0000 0000 
C540: 0000 0000 0000 0000 0000 0000 0000 0000 
C550: 0000 0000 0000 0000 0000 0000 0000 0000 
C560: 0000 0000 0000 0000 0000 0000 0000 0000 
C570: 0000 0000 0000 0000 0000 0000 0000 0000 

!Table 0x0083: 0xC580
!Bytes:c580 - c600
C580: 0000 0000 0000 0000 0000 0000 0000 0000 
C590: 0000 0000 0000 0000 0000 0000 0000 0000 
C5A0: 0000 0000 0000 0000 0000 0000 0000 0000 
C5B0: 0000 0000 0000 0000 0000 0000 0000 0000 
C5C0: 0000 0000 0000 0000 0000 0000 0000 0000 
C5D0: 0000 0000 0000 0000 0000 0000 0000 0000 
C5E0: 0000 0000 0000 0000 0000 0000 0000 0000 
C5F0: 0000 0000 0000 0000 0000 0000 0000 0000 

!Table 0x0084: 0xC600
!Bytes:c600 - c680
C600: 0000 0000 0000 0000 0000 0000 0000 0000 
C610: 0000 0000 0000 0000 0000 0000 0000 0000 
C620: 0000 0000 0000 0000 0000 0000 0000 0000 
C630: 0000 0000 0000 0000 0000 0000 0000 0000 
C640: 0000 0000 0000 0000 0000 0000 0000 0000 
C650: 0000 0000 0000 0000 0000 0000 0000 0000 
C660: 0000 0000 0000 0000 0000 0000 0000 0000 
C670: 0000 0000 0000 0000 0000 0000 0000 0000 

!Table 0x0085: 0xC680
!Bytes:c680 - c700
C680: 0000 0000 0000 0000 0000 0000 0000 0000 
C690: 0000 0000 0000 0000 0000 0000 0000 0000 
C6A0: 0000 0000 0000 0000 0000 0000 0000 0000 
C6B0: 0000 0000 0000 0000 0000 0000 0000 0000 
C6C0: 0000 0000 0000 0000 0000 0000 0000 0000 
C6D0: 0000 0000 0000 0000 0000 0000 0000 0000 
C6E0: 0000 0000 0000 0000 0000 0000 0000 0000 
C6F0: 0000 0000 0000 0000 0000 0000 0000 0000 

!Table 0x0086: 0xC700
!Bytes:c700 - c780
C700: 0000 0000 0000 0000 0000 0000 0000 0000 
C710: 0000 0000 0000 0000 0000 0000 0000 0000 
C720: 0000 0000 0000 0000 0000 0000 0000 0000 
C730: 0000 0000 0000 0000 0000 0000 0000 0000 
C740: 0000 0000 0000 0000 0000 0000 0000 0000 
C750: 0000 0000 0000 0000 0000 0000 0000 0000 
C760: 0000 0000 0000 0000 0000 0000 0000 0000 
C770: 0000 0000 0000 0000 0000 0000 0000 0000 

!Table 0x0087: 0xC780
!Bytes:c780 - c800
C780: 0000 0000 0000 0000 0000 0000 0000 0000 
C790: 0000 0000 0000 0000 0000 0000 0000 0000 
C7A0: 0000 0000 0000 0000 0000 0000 0000 0000 
C7B0: 0000 0000 0000 0000 0000 0000 0000 0000 
C7C0: 0000 0000 0000 0000 0000 0000 0000 0000 
C7D0: 0000 0000 0000 0000 0000 0000 0000 0000 
C7E0: 0000 0000 0000 0000 0000 0000 0000 0000 
C7F0: 0000 0000 0000 0000 0000 0000 0000 0000 

!Table 0x0088: 0xC800
!Bytes:c800 - c880
C800: 0000 0000 0000 0000 0000 0000 0000 0000 
C810: 0000 0000 0000 0000 0000 0000 0000 0000 
C820: 0000 0000 0000 0000 0000 0000 0000 0000 
C830: 0000 0000 0000 0000 0000 0000 0000 0000 
C840: 0000 0000 0000 0000 0000 0000 0000 0000 
C850: 0000 0000 0000 0000 0000 0000 0000 0000 
C860: 0000 0000 0000 0000 0000 0000 0000 0000 
C870: 0000 0000 0000 0000 0000 0000 0000 0000 

!Table 0x0089: 0xC880
!Bytes:c880 - c900
C880: 0000 0000 0000 0000 0000 0000 0000 0000 
C890: 0000 0000 0000 0000 0000 0000 0000 0000 
C8A0: 0000 0000 0000 0000 0000 0000 0000 0000 
C8B0: 0000 0000 0000 0000 0000 0000 0000 0000 
C8C0: 0000 0000 0000 0000 0000 0000 0000 0000 
C8D0: 0000 0000 0000 0000 0000 0000 0000 0000 
C8E0: 0000 0000 0000 0000 0000 0000 0000 0000 
C8F0: 0000 0000 0000 0000 0000 0000 0000 0000 

!Table 0x008A: 0xC900
!Bytes:c900 - c980
C900: 0000 0000 0000 0000 0000 0000 0000 0000 
C910: 0000 0000 0000 0000 0000 0000 0000 0000 
C920: 0000 0000 0000 0000 0000 0000 0000 0000 
C930: 0000 0000 0000 0000 0000 0000 0000 0000 
C940: 0000 0000 0000 0000 0000 0000 0000 0000 
C950: 0000 0000 0000 0000 0000 0000 0000 0000 
C960: 0000 0000 0000 0000 0000 0000 0000 0000 
C970: 0000 0000 0000 0000 0000 0000 0000 0000 

!Table 0x008B: 0xC980
!Bytes:c980 - ca00
C980: 0000 0000 0000 0000 0000 0000 0000 0000 
C990: 0000 0000 0000 0000 0000 0000 0000 0000 
C9A0: 0000 0000 0000 0000 0000 0000 0000 0000 
C9B0: 0000 0000 0000 0000 0000 0000 0000 0000 
C9C0: 0000 0000 0000 0000 0000 0000 0000 0000 
C9D0: 0000 0000 0000 0000 0000 0000 0000 0000 
C9E0: 0000 0000 0000 0000 0000 0000 0000 0000 
C9F0: 0000 0000 0000 0000 0000 0000 0000 0000 

!Table 0x008C: 0xCA00
!Bytes:ca00 - ca80
CA00: 0000 0006 0000 0000 0000 0000 0000 0000 
CA10: 0000 0000 0000 0000 0000 0000 0000 0000 
CA20: 0000 0000 0000 0000 0000 0000 0000 0000 
CA30: 0000 0000 0000 0000 0000 0000 0000 0000 
CA40: 0000 0000 0000 0000 0000 0000 0000 0000 
CA50: 0000 0000 0000 0000 0000 0000 0000 0000 
CA60: 0000 0000 0000 0000 0000 0000 0000 0000 
CA70: 0000 0000 0000 0000 0000 0000 0000 0000 

!Table 0x008D: 0xCA80
!Bytes:ca80 - cb00
CA80: 0000 0000 0000 0000 0000 0000 0000 0000 
CA90: 0000 0000 0000 0000 0000 0000 0000 0000 
CAA0: 0000 0000 0000 0000 0000 0000 0000 0000 
CAB0: 0000 0000 0000 0000 0000 0000 0000 0000 
CAC0: 0000 0000 0000 0000 0000 0000 0000 0000 
CAD0: 0000 0000 0000 0000 0000 0000 0000 0000 
CAE0: 0000 0000 0000 0000 0000 0000 0000 0000 
CAF0: 0000 0000 0000 0000 0000 0000 0000 0000 

!Table 0x008E: 0xCB00
!Bytes:cb00 - cb80
CB00: 0000 0000 E961 0000 0000 0000 0000 0000 
CB10: 0000 0000 0000 0000 0000 0000 0000 0000 
CB20: 0000 0000 0000 0000 0000 0000 0000 0000 
CB30: 0000 0000 0000 0000 0000 0000 0000 0000 
CB40: 0000 0000 0000 0000 0000 0000 0000 0000 
CB50: 0000 0000 0000 0000 0000 0000 0000 0000 
CB60: 0000 0000 0000 0000 0000 0000 0000 0000 
CB70: 0000 0000 0000 0000 0000 0000 0000 0000 

!Table 0x008F: 0xCB80
!Bytes:cb80 - cc00
CB80: 0000 0000 0000 0000 0000 0000 0000 0000 
CB90: 0000 0000 0000 0000 0000 0000 0000 0000 
CBA0: 0000 0000 0000 0000 0000 0000 0000 0000 
CBB0: 0000 0000 0000 0000 0000 0000 0000 0000 
CBC0: 0000 0000 0000 0000 0000 0000 0000 0000 
CBD0: 0000 0000 0000 0000 0000 0000 0000 0000 
CBE0: 0000 0000 0000 0000 0000 0000 0000 0000 
CBF0: 0000 0000 0000 0000 0000 0000 0000 0000 

!Table 0x0090: 0xCC00
!Bytes:cc00 - cc80
CC00: 0000 0000 0000 0000 0000 0000 0000 0000 
CC10: 0000 0000 0000 0000 0000 0000 0000 0000 
CC20: 0000 0000 0000 0000 0000 0000 0000 0000 
CC30: 0000 0000 0000 0000 0000 0000 0000 0000 
CC40: 0000 0000 0000 0000 0000 0000 0000 0000 
CC50: 0000 0000 0000 0000 0000 0000 0000 0000 
CC60: 0000 0000 0000 0000 0000 0000 0000 0000 
CC70: 0000 0000 0000 0000 0000 0000 0000 0000 

!Table 0x0091: 0xCC80
!Bytes:cc80 - cd00
CC80: 0000 0000 0000 0000 0000 0000 0000 0000 
CC90: 0000 0000 0000 0000 0000 0000 0000 0000 
CCA0: 0000 0000 0000 0000 0000 0000 0000 0000 
CCB0: 0000 0000 0000 0000 0000 0000 0000 0000 
CCC0: 0000 0000 0000 0000 0000 0000 0000 0000 
CCD0: 0000 0000 0000 0000 0000 0000 0000 0000 
CCE0: 0000 0000 0000 0000 0000 0000 0000 0000 
CCF0: 0000 0000 0000 0000 0000 0000 0000 0000 

!Table 0x0092: 0xCD00
!Bytes:cd00 - cd80
CD00: 0000 0000 0000 0000 0000 0000 0000 0000 
CD10: 0000 0000 0000 0000 0000 0000 0000 0000 
CD20: 0000 0000 0000 0000 0000 0000 0000 0000 
CD30: 0000 0000 0000 0000 0000 0000 0000 0000 
CD40: 0000 0000 0000 0000 0000 0000 0000 0000 
CD50: 0000 0000 0000 0000 0000 0000 0000 0000 
CD60: 0000 0000 0000 0000 0000 0000 0000 0000 
CD70: 0000 0000 0000 0000 0000 0000 0000 0000 

!Table 0x0093: 0xCD80
!Bytes:cd80 - ce00
CD80: 0000 0000 0000 0000 0000 0000 0000 0000 
CD90: 0000 0000 0000 0000 0000 0000 0000 0000 
CDA0: 0000 0000 0000 0000 0000 0000 0000 0000 
CDB0: 0000 0000 0000 0000 0000 0000 0000 0000 
CDC0: 0000 0000 0000 0000 0000 0000 0000 0000 
CDD0: 0000 0000 0000 0000 0000 0000 0000 0000 
CDE0: 0000 0000 0000 0000 0000 0000 0000 0000 
CDF0: 0000 0000 0000 0000 0000 0000 0000 0000 

!Table 0x0094: 0xCF00
!Bytes:cf00 - cf80
CF00: 0000 0000 0000 0000 0000 0000 0000 0000 
CF10: 0000 0000 0000 0000 0000 0000 0000 0000 
CF20: 0000 0000 0000 0000 0000 0000 0000 0000 
CF30: 0000 0000 0000 0000 0000 0000 0000 0000 
CF40: 0000 0000 0000 0000 0000 0000 0000 0000 
CF50: 0000 0000 0000 0000 0000 0000 0000 0000 
CF60: 0000 0000 0000 0000 0000 0000 0000 0000 
CF70: 0000 0000 0000 0000 0000 0000 0000 0000 

!Table 0x0095: 0xCF80
!Bytes:cf80 - d000
CF80: 0000 0000 0000 0000 0000 0000 0000 0000 
CF90: 0000 0000 0000 0000 0000 0000 0000 0000 
CFA0: 0000 0000 0000 0000 0000 0000 0000 0000 
CFB0: 0000 0000 0000 0000 0000 0000 0000 0000 
CFC0: 0000 0000 0000 0000 0000 0000 0000 0000 
CFD0: 0000 0000 0000 0000 0000 0000 0000 0000 
CFE0: 0000 0000 0000 0000 0000 0000 0000 0000 
CFF0: 0000 0000 0000 0000 0000 0000 0000 0000 

!Table 0x0096: 0xD000
!Bytes:d000 - d080
D000: 0000 0000 0000 0000 0000 0000 0000 0000 
D010: 0000 0000 0000 0000 0000 0000 0000 0000 
D020: 0000 0000 0000 0000 0000 0000 0000 0000 
D030: 0000 0000 0000 0000 0000 0000 0000 0000 
D040: 0000 0000 0000 0000 0000 0000 0000 0000 
D050: 0000 0000 0000 0000 0000 0000 0000 0000 
D060: 0000 0000 0000 0000 0000 0000 0000 0000 
D070: 0000 0000 0000 0000 0000 0000 0000 0000 

!Table 0x0097: 0xD080
!Bytes:d080 - d100
D080: 0000 0000 0000 0000 0000 0000 0000 0000 
D090: 0000 0000 0000 0000 0000 0000 0000 0000 
D0A0: 0000 0000 0000 0000 0000 0000 0000 0000 
D0B0: 0000 0000 0000 0000 0000 0000 0000 0000 
D0C0: 0000 0000 0000 0000 0000 0000 0000 0000 
D0D0: 0000 0000 0000 0000 0000 0000 0000 0000 
D0E0: 0000 0000 0000 0000 0000 0000 0000 0000 
D0F0: 0000 0000 0000 0000 0000 0000 0000 0000 

!Table 0x0098: 0xD100
!Bytes:d100 - d180
D100: 0000 0000 0000 0000 0000 0000 0000 0000 
D110: 0000 0000 0000 0000 0000 0000 0000 0000 
D120: 0000 0000 0000 0000 0000 0000 0000 0000 
D130: 0000 0000 0000 0000 0000 0000 0000 0000 
D140: 0000 0000 0000 0000 0000 0000 0000 0000 
D150: 0000 0000 0000 0000 0000 0000 0000 0000 
D160: 0000 0000 0000 0000 0000 0000 0000 0000 
D170: 0000 0000 0000 0000 0000 0000 0000 0000 

!Table 0x0099: 0xD180
!Bytes:d180 - d200
D180: 0000 0000 0000 0000 0000 0000 0000 0000 
D190: 0000 0000 0000 0000 0000 0000 0000 0000 
D1A0: 0000 0000 0000 0000 0000 0000 0000 0000 
D1B0: 0000 0000 0000 0000 0000 0000 0000 0000 
D1C0: 0000 0000 0000 0000 0000 0000 0000 0000 
D1D0: 0000 0000 0000 0000 0000 0000 0000 0000 
D1E0: 0000 0000 0000 0000 0000 0000 0000 0000 
D1F0: 0000 0000 0000 0000 0000 0000 0000 0000 

!Table 0x009A: 0xD200
!Bytes:d200 - d280
D200: 0000 0000 0000 0000 0000 0000 0000 0000 
D210: 0000 0000 0000 0000 0000 0000 0000 0000 
D220: 0000 0000 0000 0000 0000 0000 0000 0000 
D230: 0000 0000 0000 0000 0000 0000 0000 0000 
D240: 0000 0000 0000 0000 0000 0000 0000 0000 
D250: 0000 0000 0000 0000 0000 0000 0000 0000 
D260: 0000 0000 0000 0000 0000 0000 0000 0000 
D270: 0000 0000 0000 0000 0000 0000 0000 0000 

!Table 0x009B: 0xD280
!Bytes:d280 - d300
D280: 0000 0000 0000 0000 0000 0000 0000 0000 
D290: 0000 0000 0000 0000 0000 0000 0000 0000 
D2A0: 0000 0000 0000 0000 0000 0000 0000 0000 
D2B0: 0000 0000 0000 0000 0000 0000 0000 0000 
D2C0: 0000 0000 0000 0000 0000 0000 0000 0000 
D2D0: 0000 0000 0000 0000 0000 0000 0000 0000 
D2E0: 0000 0000 0000 0000 0000 0000 0000 0000 
D2F0: 0000 0000 0000 0000 0000 0000 0000 0000 

!Table 0x009C: 0xD300
!Bytes:d300 - d380
D300: 0000 0000 0000 0000 0000 0000 0000 0000 
D310: 0000 0000 0000 0000 0000 0000 0000 0000 
D320: 0000 0000 0000 0000 0000 0000 0000 0000 
D330: 0000 0000 0000 0000 0000 0000 0000 0000 
D340: 0000 0000 0000 0000 0000 0000 0000 0000 
D350: 0000 0000 0000 0000 0000 0000 0000 0000 
D360: 0000 0000 0000 0000 0000 0000 0000 0000 
D370: 0000 0000 0000 0000 0000 0000 0000 0000 

!Table 0x009D: 0xD380
!Bytes:d380 - d400
D380: 0000 0000 0000 0000 0000 0000 0000 0000 
D390: 0000 0000 0000 0000 0000 0000 0000 0000 
D3A0: 0000 0000 0000 0000 0000 0000 0000 0000 
D3B0: 0000 0000 0000 0000 0000 0000 0000 0000 
D3C0: 0000 0000 0000 0000 0000 0000 0000 0000 
D3D0: 0000 0000 0000 0000 0000 0000 0000 0000 
D3E0: 0000 0000 0000 0000 0000 0000 0000 0000 
D3F0: 0000 0000 0000 0000 0000 0000 0000 0000 

!Table 0x009E: 0xD400
!Bytes:d400 - d480
D400: 0000 0000 0000 0000 0000 0000 0000 0000 
D410: 0000 0000 0000 0000 0000 0000 0000 0000 
D420: 0000 0000 0000 0000 0000 0000 0000 0000 
D430: 0000 0000 0000 0000 0000 0000 0000 0000 
D440: 0000 0000 0000 0000 0000 0000 0000 0000 
D450: 0000 0000 0000 0000 0000 0000 0000 0000 
D460: 0000 0000 0000 0000 0000 0000 0000 0000 
D470: 0000 0000 0000 0000 0000 0000 0000 0000 

!Table 0x009F: 0xD480
!Bytes:d480 - d500
D480: 0000 0000 0000 0000 0000 0000 0000 0000 
D490: 0000 0000 0000 0000 0000 0000 0000 0000 
D4A0: 0000 0000 0000 0000 0000 0000 0000 0000 
D4B0: 0000 0000 0000 0000 0000 0000 0000 0000 
D4C0: 0000 0000 0000 0000 0000 0000 0000 0000 
D4D0: 0000 0000 0000 0000 0000 0000 0000 0000 
D4E0: 0000 0000 0000 0000 0000 0000 0000 0000 
D4F0: 0000 0000 0000 0000 0000 0000 0000 0000 

!Table 0x00A0: 0xD5F0
!Bytes:d500 - d580
D500: 0000 0000 0000 0000 0000 0000 0000 0000 
D510: 0000 0000 0000 0000 0000 0000 0000 0000 
D520: 0000 0000 0000 0000 0000 0000 0000 0000 
D530: 0000 0000 0000 0000 0000 0000 0000 0000 
D540: 0000 0000 0000 0000 0000 0000 0000 0000 
D550: 0000 0000 0000 0000 0000 0000 0000 0000 
D560: 0000 0000 0000 0000 0000 0000 0000 0000 
D570: 0000 0000 0000 0000 0000 0000 0000 0000 

!Table 0x00A1: 0xD580
!Bytes:d580 - d600
D580: 0000 0000 0000 0000 0000 0000 0000 0000 
D590: 0000 0000 0000 0000 0000 0000 0000 0000 
D5A0: 0000 0000 0000 0000 0000 0000 0000 0000 
D5B0: 0000 0000 0000 0000 0000 0000 0000 0000 
D5C0: 0000 0000 0000 0000 0000 0000 0000 0000 
D5D0: 0000 0000 0000 0000 0000 0000 0000 0000 
D5E0: 0000 0000 0000 0000 0000 0000 0000 0000 
D5F0: 0000 0000 0000 0000 0000 0000 0000 0000 

!Table 0x00A2: 0xD600
!Bytes:d600 - d680
D600: 0000 0000 0000 0000 0000 0000 0000 0000 
D610: 0000 0000 0000 0000 0000 0000 0000 0000 
D620: 0000 0000 0000 0000 0000 0000 0000 0000 
D630: 0000 0000 0000 0000 0000 0000 0000 0000 
D640: 0000 0000 0000 0000 0000 0000 0000 0000 
D650: 0000 0000 0000 0000 0000 0000 0000 0000 
D660: 0000 0000 0000 0000 0000 0000 0000 0000 
D670: 0000 0000 0000 0000 0000 0000 0000 0000 

!Table 0x00A3: 0xD680
!Bytes:d680 - d700
D680: 0000 0000 0000 0000 0000 0000 0000 0000 
D690: 0000 0000 0000 0000 0000 0000 0000 0000 
D6A0: 0000 0000 0000 0000 0000 0000 0000 0000 
D6B0: 0000 0000 0000 0000 0000 0000 0000 0000 
D6C0: 0000 0000 0000 0000 0000 0000 0000 0000 
D6D0: 0000 0000 0000 0000 0000 0000 0000 0000 
D6E0: 0000 0000 0000 0000 0000 0000 0000 0000 
D6F0: 0000 0000 0000 0000 0000 0000 0000 0000 

!Table 0x00A4: 0xD700
!Bytes:d700 - d780
D700: 0000 0000 0000 0000 0000 0000 0000 0000 
D710: 0000 0000 0000 0000 0000 0000 0000 0000 
D720: 0000 0000 0000 0000 0000 0000 0000 0000 
D730: 0000 0000 0000 0000 0000 0000 0000 0000 
D740: 0000 0000 0000 0000 0000 0000 0000 0000 
D750: 0000 0000 0000 0000 0000 0000 0000 0000 
D760: 0000 0000 0000 0000 0000 0000 0000 0000 
D770: 0000 0000 0000 0000 0000 0000 0000 0000 

!Table 0x00A5: 0xD780
!Bytes:d780 - d800
D780: 0000 0000 0000 0000 0000 0000 0000 0000 
D790: 0000 0000 0000 0000 0000 0000 0000 0000 
D7A0: 0000 0000 0000 0000 0000 0000 0000 0000 
D7B0: 0000 0000 0000 0000 0000 0000 0000 0000 
D7C0: 0000 0000 0000 0000 0000 0000 0000 0000 
D7D0: 0000 0000 0000 0000 0000 0000 0000 0000 
D7E0: 0000 0000 0000 0000 0000 0000 0000 0000 
D7F0: 0000 0000 0000 0000 0000 0000 0000 0000 

!Table 0x00A6: 0xD800
!Bytes:d800 - d880
D800: 0000 0000 0000 0000 0000 0000 0000 0000 
D810: 0000 0000 0000 0000 0000 0000 0000 0000 
D820: 0000 0000 0000 0000 0000 0000 0000 0000 
D830: 0000 0000 0000 0000 0000 0000 0000 0000 
D840: 0000 0000 0000 0000 0000 0000 0000 0000 
D850: 0000 0000 0000 0000 0000 0000 0000 0000 
D860: 0000 0000 0000 0000 0000 0000 0000 0000 
D870: 0000 0000 0000 0000 0000 0000 0000 0000 

!Table 0x00A7: 0xD880
!Bytes:d880 - d900
D880: 0000 0000 0000 0000 0000 0000 0000 0000 
D890: 0000 0000 0000 0000 0000 0000 0000 0000 
D8A0: 0000 0000 0000 0000 0000 0000 0000 0000 
D8B0: 0000 0000 0000 0000 0000 0000 0000 0000 
D8C0: 0000 0000 0000 0000 0000 0000 0000 0000 
D8D0: 0000 0000 0000 0000 0000 0000 0000 0000 
D8E0: 0000 0000 0000 0000 0000 0000 0000 0000 
D8F0: 0000 0000 0000 0000 0000 0000 0000 0000 

!Table 0x00A8: 0xD900
!Bytes:d900 - d980
D900: 0000 0000 0000 0000 0000 0000 0000 0000 
D910: 0000 0000 0000 0000 0000 0000 0000 0000 
D920: 0000 0000 0000 0000 0000 0000 0000 0000 
D930: 0000 0000 0000 0000 0000 0000 0000 0000 
D940: 0000 0000 0000 0000 0000 0000 0000 0000 
D950: 0000 0000 0000 0000 0000 0000 0000 0000 
D960: 0000 0000 0000 0000 0000 0000 0000 0000 
D970: 0000 0000 0000 0000 0000 0000 0000 0000 

!Table 0x00A9: 0xD980
!Bytes:d980 - da00
D980: 0000 0000 0000 0000 0000 0000 0000 0000 
D990: 0000 0000 0000 0000 0000 0000 0000 0000 
D9A0: 0000 0000 0000 0000 0000 0000 0000 0000 
D9B0: 0000 0000 0000 0000 0000 0000 0000 0000 
D9C0: 0000 0000 0000 0000 0000 0000 0000 0000 
D9D0: 0000 0000 0000 0000 0000 0000 0000 0000 
D9E0: 0000 0000 0000 0000 0000 0000 0000 0000 
D9F0: 0000 0000 0000 0000 0000 0000 0000 0000 

!Table 0x00AA: 0xDA00
!Bytes:da00 - da80
DA00: 0000 0000 0000 0000 0000 0000 0000 0000 
DA10: 0000 0000 0000 0000 0000 0000 0000 0000 
DA20: 0000 0000 0000 0000 0000 0000 0000 0000 
DA30: 0000 0000 0000 0000 0000 0000 0000 0000 
DA40: 0000 0000 0000 0000 0000 0000 0000 0000 
DA50: 0000 0000 0000 0000 0000 0000 0000 0000 
DA60: 0000 0000 0000 0000 0000 0000 0000 0000 
DA70: 0000 0000 0000 0000 0000 0000 0000 0000 

!Table 0x00AB: 0xDA80
!Bytes:da80 - db00
DA80: 0000 0000 0000 0000 0000 0000 0000 0000 
DA90: 0000 0000 0000 0000 0000 0000 0000 0000 
DAA0: 0000 0000 0000 0000 0000 0000 0000 0000 
DAB0: 0000 0000 0000 0000 0000 0000 0000 0000 
DAC0: 0000 0000 0000 0000 0000 0000 0000 0000 
DAD0: 0000 0000 0000 0000 0000 0000 0000 0000 
DAE0: 0000 0000 0000 0000 0000 0000 0000 0000 
DAF0: 0000 0000 0000 0000 0000 0000 0000 0000 

!Table 0x00AC: 0xDB00
!Bytes:db00 - db80
DB00: 0000 0000 0000 0000 0000 0000 0000 0000 
DB10: 0000 0000 0000 0000 0000 0000 0000 0000 
DB20: 0000 0000 0000 0000 0000 0000 0000 0000 
DB30: 0000 0000 0000 0000 0000 0000 0000 0000 
DB40: 0000 0000 0000 0000 0000 0000 0000 0000 
DB50: 0000 0000 0000 0000 0000 0000 0000 0000 
DB60: 0000 0000 0000 0000 0000 0000 0000 0000 
DB70: 0000 0000 0000 0000 0000 0000 0000 0000 

!Table 0x00AD: 0xDB80
!Bytes:db80 - dc00
DB80: 0000 0000 0000 0000 0000 0000 0000 0000 
DB90: 0000 0000 0000 0000 0000 0000 0000 0000 
DBA0: 0000 0000 0000 0000 0000 0000 0000 0000 
DBB0: 0000 0000 0000 0000 0000 0000 0000 0000 
DBC0: 0000 0000 0000 0000 0000 0000 0000 0000 
DBD0: 0000 0000 0000 0000 0000 0000 0000 0000 
DBE0: 0000 0000 0000 0000 0000 0000 0000 0000 
DBF0: 0000 0000 0000 0000 0000 0000 0000 0000 

!Table 0x00AE: 0xDC00
!Bytes:dc00 - dc80
DC00: 0000 0000 0000 0000 0000 0000 0000 0000 
DC10: 0000 0000 0000 0000 0000 0000 0000 0000 
DC20: 0000 0000 0000 0000 0000 0000 0000 0000 
DC30: 0000 0000 0000 0000 0000 0000 0000 0000 
DC40: 0000 0000 0000 0000 0000 0000 0000 0000 
DC50: 0000 0000 0000 0000 0000 0000 0000 0000 
DC60: 0000 0000 0000 0000 0000 0000 0000 0000 
DC70: 0000 0000 0000 0000 0000 0000 0000 0000 

!Table 0x00AF: 0xDC80
!Bytes:dc80 - dd00
DC80: 0000 0000 0000 0000 0000 0000 0000 0000 
DC90: 0000 0000 0000 0000 0000 0000 0000 0000 
DCA0: 0000 0000 0000 0000 0000 0000 0000 0000 
DCB0: 0000 0000 0000 0000 0000 0000 0000 0000 
DCC0: 0000 0000 0000 0000 0000 0000 0000 0000 
DCD0: 0000 0000 0000 0000 0000 0000 0000 0000 
DCE0: 0000 0000 0000 0000 0000 0000 0000 0000 
DCF0: 0000 0000 0000 0000 0000 0000 0000 0000 

!Table 0x00B0: 0xDD00
!Bytes:dd00 - dd80
DD00: 0000 0000 0000 0000 0000 0000 0000 0000 
DD10: 0000 0000 0000 0000 0000 0000 0000 0000 
DD20: 0000 0000 0000 0000 0000 0000 0000 0000 
DD30: 0000 0000 0000 0000 0000 0000 0000 0000 
DD40: 0000 0000 0000 0000 0000 0000 0000 0000 
DD50: 0000 0000 0000 0000 0000 0000 0000 0000 
DD60: 0000 0000 0000 0000 0000 0000 0000 0000 
DD70: 0000 0000 0000 0000 0000 0000 0000 0000 

!Table 0x00B1: 0xDD80
!Bytes:dd80 - de00
DD80: 0000 0000 0000 0000 0000 0000 0000 0000 
DD90: 0000 0000 0000 0000 0000 0000 0000 0000 
DDA0: 0000 0000 0000 0000 0000 0000 0000 0000 
DDB0: 0000 0000 0000 0000 0000 0000 0000 0000 
DDC0: 0000 0000 0000 0000 0000 0000 0000 0000 
DDD0: 0000 0000 0000 0000 0000 0000 0000 0000 
DDE0: 0000 0000 0000 0000 0000 0000 0000 0000 
DDF0: 0000 0000 0000 0000 0000 0000 0000 0000 

!Table 0x00B2: 0xDE00
!Bytes:de00 - de80
DE00: 0000 0000 0000 0000 0000 0000 0000 0000 
DE10: 0000 0000 0000 0000 0000 0000 0000 0000 
DE20: 0000 0000 0000 0000 0000 0000 0000 0000 
DE30: 0000 0000 0000 0000 0000 0000 0000 0000 
DE40: 0000 0000 0000 0000 0000 0000 0000 0000 
DE50: 0000 0000 0000 0000 0000 0000 0000 0000 
DE60: 0000 0000 0000 0000 0000 0000 0000 0000 
DE70: 0000 0000 0000 0000 0000 0000 0000 0000 

!Table 0x00B3: 0xDE80
!Bytes:de80 - df00
DE80: 0000 0000 0000 0000 0000 0000 0000 0000 
DE90: 0000 0000 0000 0000 0000 0000 0000 0000 
DEA0: 0000 0000 0000 0000 0000 0000 0000 0000 
DEB0: 0000 0000 0000 0000 0000 0000 0000 0000 
DEC0: 0000 0000 0000 0000 0000 0000 0000 0000 
DED0: 0000 0000 0000 0000 0000 0000 0000 0000 
DEE0: 0000 0000 0000 0000 0000 0000 0000 0000 
DEF0: 0000 0000 0000 0000 0000 0000 0000 0000 

!Table 0x00B4: 0xDF00
!Bytes:df00 - df80
DF00: D6D8 D6D8 D6D8 D6D8 D6D8 D6D8 D6D8 D6D8 
DF10: D6D8 D6D8 D6D8 D6D8 D6D8 D6D8 D6D8 D6D8 
DF20: D6D8 D6D8 D6D8 D6D8 D6D8 D6D8 D6D8 D6D8 
DF30: 8A99 8A99 8A99 8A99 8A99 8A99 8A99 8A99 
DF40: 8A99 8A99 8A99 8A99 8A99 8A99 8A99 8A99 
DF50: 8A99 8A99 8A99 8A99 5A00 EC00 9470 5A00 
DF60: 5A00 5A00 5A00 5A00 5A00 5A00 5A00 5A00 
DF70: 5A00 5A00 5A00 5A00 5A00 5A00 5A00 5A00 

!Table 0x00B5: 0xDF80
!Bytes:df80 - e000
DF80: 5A00 5A00 5A00 5A00 5A00 5A00 5A00 5A00 
DF90: 5A00 5A00 5A00 5A00 5A00 5A00 5A00 5A00 
DFA0: 5A00 5A00 5A00 5A00 5A00 5A00 5A00 5A00 
DFB0: 5A00 5A00 5A00 5A00 5A00 5A00 5A00 5A00 
DFC0: 5A00 5A00 5A00 5A00 5A00 5A00 5A00 5A00 
DFD0: 5A00 5A00 5A00 5A00 5A00 5A00 5A00 5A00 
DFE0: 5A00 5A00 5A00 0000 0000 0000 0000 0000 
DFF0: 0000 0000 0000 0000 0000 0000 0000 0000 

!Table 0x00B6: 0xE000
!Bytes:e000 - e080
E000: 0000 0000 0000 0000 0000 0000 0000 0000 
E010: 0000 0000 0000 0000 0000 0000 0000 0000 
E020: 0000 0000 0000 0000 0000 0000 0000 0000 
E030: 0000 0000 0000 0000 0000 0000 0000 0000 
E040: 0000 0000 0000 0000 0000 0000 0000 0000 
E050: 0000 0000 0000 0000 0000 0000 0000 0000 
E060: 0000 0000 0000 0000 0000 0000 0000 0000 
E070: 0000 0000 0000 0000 0000 0000 0000 0000 

!Table 0x00B7: 0xE080
!Bytes:e080 - e100
E080: 0000 0000 0000 0000 0000 0000 0000 0000 
E090: 0000 0000 0000 0000 0000 0000 0000 0000 
E0A0: 0000 0000 0000 0000 0000 0000 0000 0000 
E0B0: 0000 0000 0000 0000 0000 0000 0000 0000 
E0C0: 0000 0000 0000 0000 0000 0000 0000 0000 
E0D0: 0000 0000 0000 0000 0000 0000 0000 0000 
E0E0: 0000 0000 0000 0000 0000 0000 0000 0000 
E0F0: 0000 0000 0000 0000 0000 0000 0000 0000 

!Table 0x00B8: 0xE100
!Bytes:e100 - e180
E100: 0000 0000 0000 0000 0000 0000 0000 0000 
E110: 0000 0000 0000 0000 0000 0000 0000 0000 
E120: 0000 0000 0000 0000 0000 0000 0000 0000 
E130: 0000 0000 0000 0000 0000 0000 0000 0000 
E140: 0000 0000 0000 0000 0000 0000 0000 0000 
E150: 0000 0000 0000 0000 0000 0000 0000 0000 
E160: 0000 0000 0000 0000 0000 0000 0000 0000 
E170: 0000 0000 0000 0000 0000 0000 0000 0000 

!Table 0x00B9: 0xE180
!Bytes:e180 - e200
E180: 0000 0000 0000 0000 0000 0000 0000 0000 
E190: 0000 0000 0000 0000 0000 0000 0000 0000 
E1A0: 0000 0000 0000 0000 0000 0000 0000 0000 
E1B0: 0000 0000 0000 0000 0000 0000 0000 0000 
E1C0: 0000 0000 0000 0000 0000 0000 0000 0000 
E1D0: 0000 0000 0000 0000 0000 0000 0000 0000 
E1E0: 0000 0000 0000 0000 0000 0000 0000 0000 
E1F0: 0000 0000 0000 0000 0000 0000 0000 0000 

!Table 0x00BA: 0xE200
!Bytes:e200 - e280
E200: 2710 0000 000A 0001 00C8 2710 0000 000A 
E210: 0001 00C8 2710 0000 000A 0001 00C8 2710 
E220: 0000 000A 0001 00C8 2710 0000 000A 0001 
E230: 00C8 2710 0000 000A 0001 00C8 2710 0000 
E240: 000A 0001 00C8 2710 0000 000A 0001 00C8 
E250: 2710 0000 000A 0001 00C8 2710 0000 000A 
E260: 0001 00C8 2710 0000 000A 0001 00C8 2710 
E270: 0000 000A 0001 00C8 2710 0000 000A 0001 

!Table 0x00BB: 0xE280
!Bytes:e280 - e300
E280: 00C8 2710 0000 000A 0001 00C8 2710 0000 
E290: 000A 0001 00C8 2710 0000 000A 0001 00C8 
E2A0: 2710 0000 000A 0001 00C8 2710 0000 000A 
E2B0: 0001 00C8 2710 0000 000A 0001 00C8 2710 
E2C0: 0000 000A 0001 00C8 2710 0000 000A 0001 
E2D0: 00C8 2710 0000 000A 0001 00C8 2710 0000 
E2E0: 000A 0001 00C8 2710 0000 000A 0001 00C8 
E2F0: 2710 0000 000A 0001 00C8 0000 0000 0000 

!Table 0x00BC: 0xE300
!Bytes:e300 - e380
E300: 2710 0000 000A 0001 00C8 2710 0000 000A 
E310: 0001 00C8 2710 0000 000A 0001 00C8 2710 
E320: 0000 000A 0001 00C8 2710 0000 000A 0001 
E330: 00C8 2710 0000 000A 0001 00C8 2710 0000 
E340: 000A 0001 00C8 0000 0000 0000 0000 0000 
E350: 0000 0000 0000 0000 0000 0000 0000 0000 
E360: 0000 0000 0000 0000 0000 0000 0000 0000 
E370: 0000 0000 0000 0000 0000 0000 0000 0000 

!Table 0x00BD: 0xE380
!Bytes:e380 - e400
E380: 0000 0000 0000 0000 0000 0000 0000 0000 
E390: 0000 0000 0000 0000 0000 0000 0000 0000 
E3A0: 0000 0000 0000 0000 0000 0000 0000 0000 
E3B0: 0000 0000 0000 0000 0000 0000 0000 0000 
E3C0: 0000 0000 0000 0000 0000 0000 0000 0000 
E3D0: 0000 0000 0000 0000 0000 0000 0000 0000 
E3E0: 0000 0000 0000 0000 0000 0000 0000 0000 
E3F0: 0000 0000 0000 0000 0000 0000 0000 0000 

!Table 0x00BE: 0xE400
!Bytes:e400 - e480
E400: 0000 0000 0000 0000 0000 0000 0000 0000 
E410: 0000 0000 0000 0000 0000 0000 0000 0000 
E420: 0000 0000 0000 0000 0000 0000 0000 0000 
E430: 0000 0000 0000 0000 0000 0000 0000 0000 
E440: 0000 0000 0000 0000 0000 0000 0000 0000 
E450: 0000 0000 0000 0000 0000 0000 0000 0000 
E460: 0000 0000 0000 0000 0000 0000 0000 0000 
E470: 0000 0000 0000 0000 0000 0000 0000 0000 

!Table 0x00BF: 0xE480
!Bytes:e480 - e500
E480: 0000 0000 0000 0000 0000 0000 0000 0000 
E490: 0000 0000 0000 0000 0000 0000 0000 0000 
E4A0: 0000 0000 0000 0000 0000 0000 0000 0000 
E4B0: 0000 0000 0000 0000 0000 0000 0000 0000 
E4C0: 0000 0000 0000 0000 0000 0000 0000 0000 
E4D0: 0000 0000 0000 0000 0000 0000 0000 0000 
E4E0: 0000 0000 0000 0000 0000 0000 0000 0000 
E4F0: 0000 0000 0000 0000 0000 0000 0000 0000 

!Table 0x00C0: 0xFA00
!Bytes:fa00 - fa80
FA00: 0000 0000 0000 0000 0000 0000 0000 0000 
FA10: 0000 0000 0000 0000 0000 0000 0000 0000 
FA20: 0000 0000 0000 0000 0000 0000 0000 0000 
FA30: 0000 0000 0000 0000 0000 0000 0000 0000 
FA40: 0000 0000 0000 0000 0000 0000 0000 0000 
FA50: 0000 0000 0000 0000 0000 0000 0000 0000 
FA60: 0000 0000 0000 0000 0000 0000 0000 0000 
FA70: 0000 0000 0000 0000 0000 0000 0000 0000 

!Table 0x00C1: 0xFA80
!Bytes:fa80 - fb00
FA80: 0000 0000 0000 0000 0000 0000 0000 0000 
FA90: 0000 0000 0000 0000 0000 0000 0000 0000 
FAA0: 0000 0000 0000 0000 0000 0000 0000 0000 
FAB0: 0000 0000 0000 0000 0000 0000 0000 0000 
FAC0: 0000 0000 0000 0000 0000 0000 0000 0000 
FAD0: 0000 0000 0000 0000 0000 0000 0000 0000 
FAE0: 0000 0000 0000 0000 0000 0000 0000 0000 
FAF0: 0000 0000 0000 0000 0000 0000 0000 0000 

!Table 0x00C2: 0xFD00
!Bytes:fd00 - fd80
FD00: 0000 0000 0000 0000 0000 0000 0000 0000 
FD10: 0000 0000 0000 0000 0000 0000 0000 0000 
FD20: 4321 0000 0000 0000 0012 000C 0000 0000 
FD30: 0000 0000 0012 000C 0000 0000 0000 0000 
FD40: 0012 000C 0000 0000 0000 0000 0012 000C 
FD50: 0000 0000 0000 0000 0000 0000 0000 0000 
FD60: 0000 0000 0000 0000 0000 0000 0000 0000 
FD70: 0000 0000 0000 0000 0000 0000 0000 0000 

!Table 0x00C3: 0xFD80
!Bytes:fd80 - fe00
FD80: 0000 0000 0000 0000 0000 0000 0000 0000 
FD90: 0000 0000 0000 0000 0000 0000 0000 0000 
FDA0: 0000 0000 0000 0000 0000 0000 0000 0000 
FDB0: 0000 0000 0000 0000 0000 0000 0000 0000 
FDC0: 0000 0000 0000 0000 0000 0000 0000 0000 
FDD0: 0000 0000 0000 0000 0000 0000 0000 0000 
FDE0: 0000 0000 0000 0000 0000 0000 0000 0000 
FDF0: 0000 0000 0000 0000 0000 0000 0000 0000 

!Table 0x00C4: 0xFE80
!Bytes:fe00 - fe80
FE00: 0000 0000 0000 0000 0000 0000 0000 0000 
FE10: 0000 0000 0000 0000 0000 0000 0000 0000 
FE20: 0000 0000 0000 0000 0000 0000 0000 0000 
FE30: 0000 0000 0000 0000 0000 0000 0000 0000 
FE40: 0000 0000 0000 0000 0000 0000 0000 0000 
FE50: 0000 0000 0000 0000 0000 0000 0000 0000 
FE60: 0000 0000 0000 0000 0000 0000 0000 0000 
FE70: 0000 0000 0000 0000 0000 0000 0000 0000 

!Table 0x00C5: 0xFE80
!Bytes:fe80 - ff00
FE80: 0101 1100 FEFE EEFF 0101 1100 FEFE EEFF 
FE90: 5555 5555 AAAA AAAA 5555 5555 AAAA AAAA 
FEA0: 0000 0000 0000 0000 0000 0000 0000 0000 
FEB0: 0000 0000 0000 0000 0000 0000 0000 0000 
FEC0: 0000 0000 0000 0000 0000 0000 0000 0000 
FED0: 0000 0000 0000 0000 0000 0000 0000 0000 
FEE0: 0000 0000 0000 0000 0000 0000 0000 0000 
FEF0: 0000 0000 0000 0000 0000 0000 0000 0000 

!Table 0x00C6: 0xFF00
!Bytes:ff00 - ff80
FF00: 0000 0000 0000 0000 0000 0000 0000 0000 
FF10: 0000 0000 0000 0000 0000 0000 0000 0000 
FF20: 0000 0000 0000 0000 0000 0000 0000 0000 
FF30: 0000 0000 0000 0000 0000 0000 0000 0000 
FF40: 0000 0000 0000 0000 0000 0000 0000 0000 
FF50: 0000 0000 0000 0000 0000 0000 0000 0000 
FF60: 0000 0000 0000 0000 0000 0000 0000 0000 
FF70: 0000 0000 0000 0000 0000 0000 0000 0000 

!Table 0x00C7: 0xFF80
!Bytes:ff80 - 10000
FF80: 0000 0000 0000 0000 0000 0000 0000 0000 
FF90: 0000 0000 0000 0000 0000 0000 0000 0000 
FFA0: 0000 0000 0000 0000 0000 0000 0000 0000 
FFB0: 0000 0000 0000 0000 0000 0000 0000 0000 
FFC0: 0000 0000 0000 0000 0000 0000 0000 0000 
FFD0: 0000 0000 0000 0000 0000 0000 0000 0000 
FFE0: 0000 0000 0000 0000 0000 0000 0000 0000 
FFF0: 0000 0000 0000 0000 0000 0000 0000 0000 

